-0.956362 -0.250253 0.150816 
-0.219036 0.955665 0.196795 
-0.193378 0.155173 -0.968776 
454.5 -89.2 461.92 
153.81 190.23 -195.733 
-0.948779 0.276798 0.152322 
0.280141 0.959959 0.000505723 
-0.146083 0.0431515 -0.988331 
487.5 -67.2 321.04 
125.099 43.3724 -158.81 
-0.91952 -0.363817 -0.148729 
-0.321111 0.913583 -0.249509 
0.226651 -0.18167 -0.956883 
553.75 104.8 492.4 
242.048 223.114 -166.671 
-0.937934 -0.0942114 0.333772 
-0.191677 0.942871 -0.272496 
-0.289032 -0.31956 -0.902409 
597.5 -134.4 455.44 
-4.73934 197.813 -13.8952 
-0.963733 -0.266188 0.0190346 
-0.251932 0.883954 -0.393898 
0.0880251 -0.384408 -0.918957 
613.5 40.4 470.32 
144.383 206.635 -67.3397 
-0.936229 -0.0898697 0.339705 
-0.093448 0.995607 0.00584667 
-0.338738 -0.0262709 -0.940514 
508 -158.4 427.36 
36.7849 162.787 -101.196 
-0.858737 0.270104 0.435447 
0.377853 0.907788 0.182064 
-0.346117 0.32088 -0.881611 
400 -162 286 
70.7526 34.8789 -184.763 
-0.920337 -0.000401776 0.391125 
0.104046 0.963717 0.245815 
-0.377033 0.266927 -0.886903 
416.25 -177.2 369.04 
72.8281 116.748 -179.88 
-0.956422 -0.289052 0.0412999 
-0.28149 0.875182 -0.393472 
0.0775891 -0.387951 -0.918408 
614.5 35.6 478.72 
139.837 215.381 -61.5778 
-0.858816 -0.204883 0.469529 
-0.332251 0.920399 -0.206096 
-0.389928 -0.333 -0.858526 
606 -183.6 501.52 
-39.9717 256.951 24.0733 
-0.949308 0.311846 0.0395657 
0.313954 0.934293 0.168908 
0.0157073 0.172767 -0.984837 
450.25 7.2 312.16 
237.612 32.1871 -221.072 
-0.988918 0.147241 0.0190311 
0.133707 0.938983 -0.316913 
-0.0645323 -0.310856 -0.948264 
590.75 -29.6 363.04 
88.9572 90.2447 -89.6565 
-0.956882 0.0980628 -0.273422 
0.115795 0.992041 -0.0494485 
0.266397 -0.0789775 -0.960622 
523.5 123.6 366.88 
368.871 431.344 -157.309 
-0.962674 -0.0294345 0.269059 
-0.00588071 0.996109 0.0879316 
-0.2706 0.0830672 -0.959101 
475.25 -125.6 401.68 
89.0339 132.937 -147.309 
-0.972557 0.0402182 -0.229162 
0.112529 0.943394 -0.312002 
0.203642 -0.329227 -0.92203 
598.25 94 368.32 
214.068 101.862 -135.438 
-0.986702 -0.0800271 -0.141476 
-0.0241145 0.932839 -0.359486 
0.160743 -0.351294 -0.922363 
604.25 74 406.72 
184.077 141.387 -110.696 
-0.889528 0.377856 0.256835 
0.388625 0.921347 -0.00951089 
-0.240228 0.0913525 -0.966408 
473 -111.2 286.72 
77.6609 14.3342 -151.488 
-0.922928 0.336214 -0.187518 
0.382289 0.857819 -0.343512 
0.045363 -0.388723 -0.920237 
614.5 20.8 292 
130.322 25.883 -110.987 
-0.982312 0.184652 -0.0310909 
0.168792 0.945072 0.279909 
0.0810687 0.26971 -0.959523 
421.5 37.2 353.2 
294.566 73.9129 -270.305 
-0.944837 0.149777 0.291288 
0.133629 0.988213 -0.0746823 
-0.299041 -0.031638 -0.953716 
509.5 -139.2 361.36 
35.9876 92.0847 -109.063 
-0.989769 -0.0442674 -0.135641 
-0.0961757 0.909217 0.405061 
0.105396 0.413962 -0.904172 
377 48.4 426.64 
336.437 166.014 -333.003 
-0.906735 -0.319119 0.275671 
-0.266007 0.940078 0.213293 
-0.327218 0.12007 -0.93729 
463.5 -152.8 478.48 
93.1232 215.591 -160.99 
-0.914977 -0.106432 0.389217 
-0.0247585 0.977577 0.209117 
-0.402747 0.181701 -0.897095 
442.75 -190 407.44 
52.3112 153.035 -155.326 
-0.87394 -0.357464 -0.329315 
-0.386365 0.92202 0.0245089 
0.294874 0.148655 -0.943902 
455.25 137.2 514.48 
337.17 244.54 -302.885 
-0.927927 -0.363299 0.0834539 
-0.358057 0.93096 0.0714793 
-0.103661 0.0364463 -0.993945 
489.5 -47.6 501.28 
167.353 224.045 -176.324 
-0.964849 -0.218629 0.145832 
-0.245041 0.948961 -0.198563 
-0.0949771 -0.227319 -0.969178 
566 -43.6 468.4 
106.553 195.393 -85.0861 
-0.965359 0.176326 0.192329 
0.17979 0.983705 0.000566926 
-0.189095 0.0351263 -0.98133 
489.75 -87.2 349.36 
105.831 73.8261 -148.376 
-0.971006 0.168172 -0.1699 
0.204623 0.952161 -0.226977 
0.123601 -0.255161 -0.958966 
574.5 56.8 342.88 
194.929 69.0464 -145.727 
-0.950345 -0.0429836 0.308216 
-0.106598 0.975461 -0.192645 
-0.292372 -0.215935 -0.931607 
565.25 -136 430.72 
12.5079 166.413 -51.3429 
-0.926715 0.126594 0.353797 
-0.0161759 0.927229 -0.374146 
-0.375416 -0.35245 -0.857229 
611.75 -176.4 404.8 
-72.7986 156.641 5.15566 
-0.885737 -0.426493 -0.18323 
-0.403654 0.902592 -0.149635 
0.2292 -0.0585755 -0.971615 
517.25 106 517.6 
266.919 245.855 -212.073 
-0.888744 0.352107 0.29352 
0.361785 0.931988 -0.0225689 
-0.281504 0.0861334 -0.955686 
474.25 -130.8 293.68 
55.0298 23.8253 -142.866 
-0.927112 0.121786 0.354445 
0.182733 0.972591 0.143791 
-0.327218 0.198079 -0.923955 
439.5 -152.8 346.48 
72.8278 85.8665 -163.547 
-0.988274 -0.118542 -0.0962393 
-0.137134 0.966257 0.218042 
0.0671446 0.228683 -0.971183 
433.75 30.8 437.92 
277.586 158.715 -273.227 
-0.982247 0.0839562 -0.167756 
0.0842083 0.996432 0.00562318 
0.167629 -0.00860306 -0.985813 
502.5 77.2 376.48 
210.131 272.434 -31.9003 
-0.877076 0.425868 0.222203 
0.375915 0.896512 -0.234422 
-0.299041 -0.122076 -0.9464 
536.75 -139.2 288.64 
-2.89641 15.1113 -103.029 
-0.894405 0.28293 0.346397 
0.24804 0.958251 -0.142235 
-0.372178 -0.041295 -0.927242 
512.75 -174.8 325.6 
-16.6775 61.4092 -95.1465 
-0.906359 -0.199628 0.372374 
-0.0808904 0.947024 0.310808 
-0.414693 0.251583 -0.874492 
419.75 -196 424.48 
70.0028 176.201 -182.426 
-0.986835 0.137378 0.0853494 
0.140447 0.989602 0.0310313 
-0.0801989 0.0426098 -0.995868 
487.75 -36.8 361.12 
163.931 81.5031 -173.083 
-0.98867 -0.0116008 -0.149655 
0.0379809 0.945231 -0.324185 
0.14522 -0.326196 -0.934081 
596.25 66.8 389.44 
184.545 121.351 -120.108 
-0.897026 0.322374 0.302356 
0.387249 0.902996 0.186106 
-0.21303 0.284029 -0.93485 
415.5 -98.4 287.92 
133.776 25.1057 -194.579 
-0.881059 0.259068 0.39575 
0.339972 0.928552 0.149027 
-0.328867 0.265846 -0.906186 
418.25 -153.6 298.72 
70.2121 42.5163 -173.438 
-0.924518 0.123765 0.360485 
-0.0258241 0.923294 -0.383224 
-0.380263 -0.363606 -0.850406 
615.75 -178.8 407.68 
-77.5118 161.409 10.8272 
-0.920741 -0.381293 0.0827765 
-0.379502 0.82589 -0.416994 
0.0906326 -0.415358 -0.905132 
623.25 41.6 507.52 
139.067 251.521 -47.697 
-0.936944 0.0746375 0.341417 
0.156791 0.962866 0.219784 
-0.312335 0.259456 -0.913854 
420.75 -145.6 354.4 
98.0874 96.6463 -184.47 
-0.959924 -0.0134444 0.279938 
-0.0789201 0.971396 -0.223969 
-0.26892 -0.237086 -0.933527 
571.25 -124.8 422.56 
16.4342 157.481 -51.1269 
-0.978275 0.207125 -0.0087556 
0.194591 0.932001 0.305792 
0.0714974 0.297445 -0.952058 
413.25 32.8 346 
295.683 68.9239 -273.089 
-0.914591 0.328198 0.236241 
0.391994 0.863036 0.318604 
-0.0993197 0.383998 -0.917977 
386.5 -45.6 288.64 
218.328 27.0966 -239.847 
-0.907121 0.358143 0.221056 
0.371113 0.928398 0.0187499 
-0.198513 0.0990451 -0.975081 
471 -91.6 293.2 
103.991 18.8983 -160.584 
-0.973322 -0.0746613 0.216957 
-0.0356901 0.983332 0.178279 
-0.226651 0.16578 -0.959764 
451 -104.8 410.08 
131.541 141.521 -182.24 
-0.962833 0.00705311 0.270005 
-0.0800053 0.94735 -0.310044 
-0.257976 -0.320123 -0.911576 
596.75 -119.6 422.8 
1.09685 162.15 -27.7504 
-0.963602 0.0185098 0.266698 
-0.0429143 0.973954 -0.222649 
-0.263873 -0.22599 -0.93771 
567.75 -122.4 412.24 
19.0286 145.919 -57.2141 
-0.981036 -0.139427 0.134644 
-0.16153 0.972056 -0.17034 
-0.107132 -0.188859 -0.976143 
554.75 -49.2 444.88 
106.963 170.179 -97.8755 
-0.971672 0.221489 0.082436 
0.23597 0.889926 0.390319 
0.0130896 0.398715 -0.916982 
382.5 6 334.48 
287.979 67.0419 -282.85 
-0.873099 -0.408651 0.265899 
-0.317782 0.890616 0.325296 
-0.369747 0.199518 -0.907458 
438 -173.6 496 
98.4039 241.176 -189.859 
-0.895917 0.093727 -0.43422 
0.150729 0.983638 -0.0986763 
0.417867 -0.153855 -0.895386 
548.75 197.6 354.16 
369.162 89.3878 -226.058 
-0.96498 -0.195807 0.174564 
-0.101424 0.892198 0.44011 
-0.241922 0.406993 -0.880813 
376 -112 428.8 
185.934 178.651 -267.601 
-0.900558 -0.372997 -0.223313 
-0.290872 0.898733 -0.328135 
0.323092 -0.230549 -0.917856 
570.5 150.8 485.92 
269.765 221.981 -167.261 
-0.970644 0.0418466 -0.236853 
0.0755391 0.98796 -0.135016 
0.228351 -0.148944 -0.962118 
544 105.6 378.64 
265.192 104.88 -190.572 
-0.967118 0.079001 0.241747 
0.140225 0.958634 0.247704 
-0.212178 0.273458 -0.938191 
418.75 -98 360.4 
152.674 96.6453 -207.302 
-0.966001 0.208114 -0.1534 
0.239061 0.944944 -0.22345 
0.0984514 -0.252525 -0.962569 
573.5 45.2 333.28 
183.652 58.7045 -143.165 
-0.933493 0.050293 -0.355052 
0.174698 0.928455 -0.327797 
0.313164 -0.368023 -0.875493 
614 146 349.12 
260.84 92.618 -147.36 
-0.936663 0.339929 0.0843215 
0.350204 0.906041 0.237585 
0.00436331 0.252067 -0.9677 
427 2 301.6 
247.693 25.3632 -234.662 
-0.989404 -0.106563 -0.098613 
-0.136411 0.914864 0.38002 
0.0497214 0.389445 -0.919707 
385.25 22.8 437.68 
306.697 174.72 -317.41 
-0.952012 0.301272 0.0539315 
0.305658 0.926837 0.218052 
0.0157073 0.224073 -0.974446 
435.25 7.2 314.56 
248.924 36.7124 -233.235 
-0.90716 -0.219457 0.359026 
-0.227021 0.973652 0.0215304 
-0.354291 -0.0619751 -0.933079 
519 -166 467.44 
33.2663 205.345 -87.0792 
-0.941835 0.011137 -0.335892 
0.0865424 0.973783 -0.210376 
0.324743 -0.227208 -0.918106 
569.5 151.6 374.8 
294.478 108.746 -186.894 
-0.958332 -0.131348 0.253668 
-0.0939653 0.983548 0.154286 
-0.26976 0.124021 -0.954907 
463 -125.2 426.88 
106.127 158.813 -163.762 
-0.936806 -0.251203 0.243499 
-0.140007 0.907037 0.397091 
-0.320613 0.337906 -0.884888 
395.5 -149.6 440.8 
138.144 190.369 -234.213 
-0.979692 0.198479 0.0284561 
0.19843 0.939344 0.279748 
0.028794 0.279713 -0.959652 
418.75 13.2 345.04 
270.285 69.2675 -256.952 
-0.989243 -0.142958 0.0310105 
-0.120588 0.91695 0.380344 
-0.0828082 0.372514 -0.924325 
390.25 -38 433.36 
246.997 170.768 -284.718 
-0.900577 -0.323509 -0.290351 
-0.402847 0.872078 0.277837 
0.163326 0.36718 -0.915698 
390.75 75.2 515.68 
336.652 249.836 -357.457 
-0.930737 -0.0330591 -0.364193 
-0.000812221 0.99609 -0.0883429 
0.365689 -0.0819282 -0.927124 
525.25 171.6 400.24 
205.734 291.139 -304.051 
-0.949183 -0.138126 -0.282795 
-0.0713694 0.969604 -0.23404 
0.306526 -0.201964 -0.930189 
561.25 142.8 420.64 
280.786 153.835 -184.551 
-0.876406 -0.387121 -0.286443 
-0.248824 0.873274 -0.418903 
0.41231 -0.295855 -0.861667 
594.75 194.8 476.08 
290.078 224.567 -155.021 
-0.898832 0.430869 0.0803266 
0.415319 0.89585 -0.157999 
-0.140037 -0.108653 -0.984167 
531.5 -64.4 280.96 
77.6675 174.748 -145.208 
-0.985305 0.052558 0.162518 
0.0870695 0.973127 0.213173 
-0.146946 0.224191 -0.963403 
434.5 -67.6 375.76 
175.805 105.519 -208.991 
-0.943641 -0.304826 0.128926 
-0.322161 0.935244 -0.146734 
-0.0758489 -0.179999 -0.980738 
552 -34.8 490.48 
128.396 215.421 -103.162 
-0.896361 -0.320308 -0.306495 
-0.353086 0.933874 0.0566593 
0.268079 0.159006 -0.950184 
452.5 124.4 503.2 
331.831 231.911 -300.112 
-0.934902 -0.184345 -0.303275 
-0.153934 0.980581 -0.121513 
0.319786 -0.0669183 -0.945124 
520.25 149.2 444.88 
272.424 484.365 -260.93 
-0.963712 -0.185089 0.192355 
-0.193443 0.980782 -0.025432 
-0.183951 -0.061719 -0.980996 
518 -84.8 454.48 
106.34 178.338 -123.356 
-0.954542 0.0480757 -0.294174 
-0.0375041 0.959694 0.278533 
0.295708 0.276904 -0.914265 
415.75 137.6 410.8 
101.669 306.634 -291.918 
-0.944798 -0.325154 -0.040381 
-0.322556 0.90136 0.288976 
-0.057564 0.286049 -0.956484 
416.75 -26.4 490.48 
239.791 220.259 -276.724 
-0.992322 -0.113924 0.0481383 
-0.1236 0.927233 -0.353499 
-0.00436331 -0.356735 -0.934196 
604.5 -2 434.08 
109.997 166.397 -69.5171 
-0.905184 -0.2951 0.305873 
-0.352916 0.922892 -0.154014 
-0.236838 -0.247358 -0.939533 
573.75 -109.6 502.24 
49.9957 237.773 -44.1425 
-0.978026 -0.207232 -0.0227973 
-0.206102 0.977539 -0.0440351 
0.0314108 -0.0383689 -0.99877 
511 14.4 457.12 
201.163 175.835 -176.47 
-0.919164 -0.370582 0.133443 
-0.393005 0.885409 -0.24819 
-0.0261769 -0.280571 -0.959476 
581.5 -12 511.12 
127.117 239.489 -75.5674 
-0.984941 0.020096 0.171722 
0.00601673 0.996604 -0.0821193 
-0.172789 -0.0798494 -0.981717 
523.25 -79.6 398.32 
95.6375 122.54 -120.574 
-0.942427 -0.300009 -0.147734 
-0.28095 0.949922 -0.136802 
0.181377 -0.0874199 -0.97952 
525.5 83.6 479.68 
248.377 202.184 -191.912 
-0.946144 0.10578 0.305978 
0.213223 0.914788 0.343073 
-0.243615 0.389838 -0.888076 
381.5 -112.8 339.04 
159.303 86.1849 -230.321 
-0.982719 -0.149912 0.108582 
-0.155647 0.986723 -0.0463755 
-0.100188 -0.0624746 -0.993005 
518 -46 443.2 
139.496 165.091 -139.963 
-0.951281 0.236614 -0.197684 
0.277273 0.936918 -0.212847 
0.134851 -0.25729 -0.956879 
575.25 62 322 
203.991 45.5744 -148.795 
-0.94298 0.31417 -0.109936 
0.332076 0.910503 -0.246393 
0.0226873 -0.268851 -0.962915 
578 10.4 306.88 
143.002 31.564 -129.607 
-0.977587 -0.0551114 -0.203193 
-0.00511868 0.971067 -0.238753 
0.210472 -0.232362 -0.949584 
568.75 97.2 401.44 
234.654 130.309 -158.946 
-0.954239 -0.278665 0.10851 
-0.262841 0.954612 0.14011 
-0.142629 0.105178 -0.984172 
469.5 -65.6 473.92 
164.916 198.019 -190.306 
-0.880146 -0.412595 -0.234753 
-0.293639 0.861764 -0.41369 
0.372988 -0.295174 -0.879632 
592.75 175.2 488.56 
273.285 233.087 -145.618 
-0.87882 -0.302075 0.369358 
-0.341755 0.93869 -0.0454465 
-0.332984 -0.166169 -0.928175 
550.75 -155.6 502 
28.4133 241.099 -54.2067 
-0.904502 0.188299 0.382649 
0.291275 0.928136 0.231782 
-0.311506 0.321103 -0.894347 
401.25 -145.2 314.32 
99.9475 60.7986 -194.316 
-0.944573 0.222769 0.241156 
0.193034 0.971022 -0.140902 
-0.265556 -0.0865406 -0.960203 
525.75 -123.2 344.56 
36.0765 72.8142 -103.614 
-0.899347 0.331113 0.285551 
0.407962 0.870413 0.275588 
-0.157296 0.364343 -0.917885 
391.75 -72.4 282.88 
181.581 22.7558 -223.318 
-0.976717 0.120329 -0.177607 
0.129454 0.990751 -0.0406781 
0.171069 -0.062723 -0.98326 
518.25 78.8 363.76 
213.062 256.93 -17.5521 
-0.924287 -0.375287 -0.0696621 
-0.325493 0.870275 -0.369698 
0.199368 -0.319032 -0.926537 
595 92 493.12 
201.284 230.577 -108.419 
-0.863116 -0.415583 0.286917 
-0.356632 0.903855 0.236346 
-0.357553 0.10167 -0.928342 
468.75 -167.6 507.76 
83.7292 247.739 -155.11 
-0.87722 0.206359 -0.433475 
0.307198 0.935135 -0.176496 
0.368936 -0.287989 -0.883713 
590.25 173.2 307.36 
324.624 45.8938 -185.459 
-0.906751 -0.157427 -0.391176 
-0.127436 0.986623 -0.101665 
0.401948 -0.0423354 -0.914683 
513.25 189.6 438.4 
307.981 468.896 -257.582 
-0.958138 -0.280552 -0.0571121 
-0.277458 0.959075 -0.0565035 
0.070627 -0.0382919 -0.996768 
511 32.4 477.52 
216.927 196.02 -185.317 
-0.892523 -0.420891 -0.162027 
-0.365141 0.885233 -0.288158 
0.264715 -0.198025 -0.943776 
559.25 122.8 506.8 
251.678 239.561 -165.476 
-0.838775 -0.257833 0.479561 
-0.350008 0.930007 -0.112168 
-0.417074 -0.261934 -0.87031 
583.75 -197.2 508.72 
-31.203 261.859 2.85412 
-0.965488 -0.066254 -0.251881 
-0.0921156 0.991461 0.0922983 
0.243615 0.112315 -0.963347 
466.75 112.8 426.16 
154.099 395.928 -272.755 
-0.987181 -0.0842543 0.135554 
-0.071628 0.992851 0.095477 
-0.142629 0.0845436 -0.986159 
475.5 -65.6 419.92 
152.14 144.206 -175.643 
-0.875055 -0.397306 0.276455 
-0.329783 0.907462 0.260301 
-0.354291 0.136607 -0.925103 
458 -166 499.12 
91.0114 239.758 -167.667 
-0.995129 -0.0818159 0.0549882 
-0.0870625 0.991071 -0.100988 
-0.0462347 -0.105284 -0.993367 
530.25 -21.2 424 
150.99 144.894 -138.848 
-0.953392 -0.25658 -0.158779 
-0.279695 0.94892 0.146017 
0.113203 0.183621 -0.976457 
446.75 52 478.48 
283.526 196.64 -277.123 
-0.894658 -0.446689 -0.00747475 
-0.403954 0.815985 -0.413509 
0.190809 -0.36693 -0.910469 
609.75 88 516.64 
188.742 255.563 -78.2701 
-0.907462 -0.396873 -0.137857 
-0.417386 0.889082 0.18794 
0.0479781 0.228088 -0.972458 
434 22 518.56 
265.987 242.51 -283.472 
-0.926674 0.162008 0.339158 
0.236206 0.952906 0.190201 
-0.292372 0.256365 -0.921301 
422.25 -136 331.36 
100.108 71.4668 -183.209 
-0.907159 -0.413003 0.0805625 
-0.420127 0.878261 -0.228363 
0.0235598 -0.241008 -0.970237 
569.75 10.8 519.28 
155.392 245.297 -98.9855 
-0.969026 -0.178121 0.171057 
-0.157816 0.979416 0.125847 
-0.189952 0.0949535 -0.977191 
472.25 -87.6 444.4 
137.82 171.597 -172.087 
-0.912219 -0.210129 0.351714 
-0.142034 0.967418 0.209592 
-0.384295 0.141238 -0.912343 
456 -180.8 442.48 
62.662 185.1 -151.151 
-0.903511 -0.362848 0.228054 
-0.344114 0.931407 0.118602 
-0.255446 0.028682 -0.966398 
491.5 -118.4 500.08 
106.496 229.492 -144.089 
-0.935577 0.0261072 -0.352156 
0.11985 0.961543 -0.247124 
0.332161 -0.273409 -0.902727 
584.25 155.2 364.96 
289.128 102.385 -175.936 
-0.924066 -0.1901 0.331607 
-0.233825 0.96743 -0.0969843 
-0.30237 -0.167158 -0.938419 
550.5 -140.8 468.16 
31.0544 203.883 -61.4469 
-0.962445 -0.262629 -0.0687506 
-0.224853 0.91307 -0.340211 
0.152123 -0.311975 -0.937833 
592 70 463.12 
186.692 194.736 -108.066 
-0.904143 -0.406141 0.132575 
-0.349786 0.88188 0.316128 
-0.245307 0.239452 -0.939408 
428.5 -113.6 501.52 
157.986 238.183 -227.836 
-0.956991 -0.268008 0.111081 
-0.258216 0.961404 0.0950079 
-0.132256 0.0622389 -0.98926 
482 -60.8 472.48 
158.712 196.515 -176.384 
-0.875339 0.332885 0.350669 
0.33251 0.940977 -0.0632439 
-0.351025 0.0612413 -0.934361 
481.25 -164.4 300.16 
11.836 34.855 -124.831 
-0.997022 0.01144 0.0762627 
0.013922 0.999388 0.0320935 
-0.0758489 0.0330597 -0.996571 
490.5 -34.8 396.16 
167.479 116.819 -172.836 
-0.865377 -0.39199 0.312196 
-0.340009 0.916943 0.20883 
-0.368125 0.0745671 -0.926782 
477 -172.8 502.96 
71.6926 243.146 -141.03 
-0.928279 -0.181259 0.32472 
-0.240069 0.958939 -0.151008 
-0.284015 -0.218133 -0.933677 
565.75 -132 469.6 
27.135 205.901 -47.7748 
-0.900737 -0.270871 0.339561 
-0.363007 0.898723 -0.246013 
-0.238533 -0.344857 -0.907841 
604 -110.4 505.36 
26.8892 247.957 -6.44999 
-0.979267 -0.198008 -0.0427745 
-0.199234 0.903202 0.380175 
-0.0366437 0.380814 -0.923925 
388 -16.8 455.2 
269.233 191.764 -304.761 
-0.984638 0.0230531 -0.173081 
0.080952 0.938549 -0.335518 
0.15471 -0.344375 -0.925997 
602 71.2 377.44 
185.67 111.157 -119.442 
-0.862607 -0.44336 -0.243601 
-0.378658 0.885205 -0.270242 
0.335452 -0.140871 -0.931465 
543 156.8 513.76 
289.641 246.607 -197.256 
