-0.941286 -0.093856 0.324301 
-0.18382 0.94819 -0.259124 
-0.283179 -0.303523 -0.909771 
607.01 -148.05 461.88 
101.951 213.616 -46.973 
-0.983923 -0.156372 -0.086275 
-0.105151 0.897702 -0.427871 
0.144356 -0.411921 -0.899713 
642.68 74.7 434.16 
290.81 196.549 -98.0335 
-0.887912 0.169159 0.427783 
0.227977 0.969515 0.0898146 
-0.399549 0.177272 -0.899408 
435.33 -211.95 319.36 
112.943 81.4098 -187.254 
-0.895331 0.410003 0.17401 
0.399564 0.911981 -0.0929457 
-0.196802 -0.0136891 -0.980348 
504.64 -102.15 265.32 
191.598 12.5197 -160.159 
-0.886486 -0.432436 -0.164749 
-0.34741 0.857099 -0.380378 
0.305695 -0.279964 -0.910039 
599.18 160.2 519.84 
376.246 287.157 -165.455 
-0.860709 -0.481711 -0.164724 
-0.396792 0.837473 -0.37576 
0.318959 -0.258059 -0.91196 
591.64 167.4 538.6 
382.092 306.344 -174.23 
-0.937152 0.341964 0.0693321 
0.327268 0.930376 -0.165217 
-0.121003 -0.132143 -0.983817 
544.37 -62.55 292.2 
215.69 37.1794 -145.06 
-0.95562 0.238345 0.173151 
0.179703 0.937343 -0.298488 
-0.233445 -0.254126 -0.938575 
587.87 -121.5 340.36 
129.834 88.9596 -84.1287 
-0.920951 -0.383748 0.0677269 
-0.384298 0.86563 -0.320936 
0.0645323 -0.321594 -0.944676 
609.04 33.3 526.84 
261.472 279.957 -107.662 
-0.956476 0.144135 0.253731 
0.139535 0.989558 -0.0361334 
-0.256289 0.000843518 -0.9666 
499.71 -133.65 353.52 
165.639 102.58 -160.405 
-0.910218 0.14291 0.38869 
0.152318 0.988309 -0.00668 
-0.385101 0.0531244 -0.921344 
480.86 -203.85 346.8 
102.17 102.316 -150.695 
-0.933461 0.208242 0.292036 
0.280052 0.931859 0.230674 
-0.224101 0.29711 -0.928173 
397.05 -116.55 306.48 
232.986 70.8549 -253.561 
-0.981773 0.0550962 0.181897 
0.1162 0.931354 0.345076 
-0.150398 0.359923 -0.92078 
376.17 -77.85 362.2 
287.389 130.874 -303.954 
-0.948993 0.00249952 0.315288 
-0.0738541 0.970387 -0.229988 
-0.306526 -0.241543 -0.920706 
585.26 -160.65 424.92 
98.2607 175.419 -67.3628 
-0.951271 0.232039 -0.203079 
0.152369 0.926285 0.344643 
0.268079 0.296906 -0.916504 
395.89 139.95 349.04 
503.863 126.296 -357.693 
-0.950502 -0.233772 -0.204684 
-0.149695 0.921785 -0.357637 
0.27228 -0.309295 -0.911153 
608.75 142.2 450.12 
369.907 215.199 -158.074 
-0.858938 -0.294619 -0.418837 
-0.32029 0.947272 -0.00949113 
0.399549 0.125997 -0.908012 
454.18 211.95 514.52 
494.215 290.134 -355.562 
-0.924483 -0.259278 0.279475 
-0.279118 0.959691 -0.0329661 
-0.259662 -0.108483 -0.959587 
537.41 -135.45 494.08 
152.946 241.178 -131.591 
-0.906462 0.305292 -0.29176 
0.385704 0.879844 -0.277682 
0.171929 -0.364241 -0.915297 
625.86 89.1 270.92 
346.429 29.7537 -136.008 
-0.919796 -0.189204 0.343768 
-0.211506 0.976969 -0.0282071 
-0.330514 -0.0986541 -0.938631 
534.8 -173.7 472.52 
118.481 222.171 -118.448 
-0.898152 0.270823 -0.346379 
0.276308 0.96045 0.0344881 
0.34202 -0.0647316 -0.93746 
522.91 180 304.24 
491.801 71.5798 -254.179 
-0.918621 0.21127 0.333916 
0.0811768 0.927937 -0.363789 
-0.386711 -0.307078 -0.869573 
612.81 -204.75 371.72 
33.2939 127.595 -27.0288 
-0.926631 -0.221314 0.303933 
-0.185159 0.972189 0.143403 
-0.327218 0.0766058 -0.941839 
473.03 -171.9 463.28 
151.46 216.548 -189.304 
-0.950376 0.279975 0.135648 
0.235194 0.931995 -0.275805 
-0.203642 -0.230215 -0.951594 
578.88 -105.75 322.16 
150.45 68.8399 -99.3964 
-0.991623 0.089587 0.0930503 
0.0998512 0.988651 0.112245 
-0.0819385 0.120596 -0.989314 
459.69 -42.3 367.8 
281.177 119.75 -236.214 
-0.98854 -0.0392606 0.145768 
-0.020707 0.991727 0.126682 
-0.149535 0.122212 -0.981175 
458.82 -77.4 406.72 
246.325 158.008 -231.375 
-0.967527 -0.175304 0.182098 
-0.190698 0.979103 -0.0706481 
-0.165908 -0.10308 -0.980739 
534.8 -85.95 462.44 
197.273 208.012 -151.62 
-0.947405 -0.171175 0.270411 
-0.230953 0.9506 -0.207414 
-0.221548 -0.258957 -0.940137 
589.32 -115.2 476.72 
142.459 225.369 -78.9942 
-0.925624 0.123962 -0.357565 
0.213697 0.950989 -0.223502 
0.312335 -0.283289 -0.906749 
600.63 163.8 327.2 
426.616 94.7071 -183.012 
-0.919504 0.189827 -0.344208 
0.298765 0.906556 -0.298154 
0.255446 -0.376991 -0.890295 
633.11 133.2 299.2 
384.103 65.8822 -144.182 
-0.986454 0.0213809 -0.16264 
-0.032724 0.945892 0.322828 
0.160743 0.323777 -0.932379 
388.93 83.25 410.64 
438.466 183.43 -363.38 
-0.852487 0.420926 0.30998 
0.390299 0.906989 -0.158236 
-0.347754 -0.0139089 -0.937483 
504.93 -183.15 262.24 
98.5352 13.6834 -130.322 
-0.950696 0.215973 0.22256 
0.190831 0.973092 -0.129134 
-0.244461 -0.0802957 -0.966329 
527.55 -127.35 336.44 
155.935 83.6018 -135.832 
-0.915575 0.398703 0.0525271 
0.396204 0.87194 0.287649 
0.0688859 0.284175 -0.956294 
404.01 35.55 268.96 
394.656 37.0287 -287.748 
-0.892205 0.417683 0.171787 
0.400037 0.907425 -0.128649 
-0.209619 -0.0460599 -0.976698 
515.66 -108.9 264.76 
178.004 11.6875 -148.585 
-0.903884 -0.156934 -0.397951 
-0.15694 0.987064 -0.0327889 
0.397949 0.0328172 -0.916821 
488.11 211.05 455.16 
496.174 228.048 -314.282 
-0.842394 0.240975 -0.481978 
0.386568 0.893385 -0.228972 
0.375416 -0.379202 -0.845736 
640.07 198.45 261.96 
463.698 40.7071 -160.999 
-0.953522 0.27885 -0.114185 
0.210518 0.887613 0.409666 
0.215588 0.366587 -0.905061 
372.11 112.05 330.28 
488.417 110.799 -361.535 
-0.99608 0.050417 -0.0726869 
0.028693 0.961402 0.273647 
0.0836778 0.270488 -0.95908 
408.65 43.2 390.76 
392.065 155.067 -323.642 
-0.901544 0.0898635 0.423252 
0.158155 0.978947 0.129031 
-0.402747 0.183266 -0.896777 
433.01 -213.75 344.28 
116.599 106.918 -193.663 
-0.976389 -0.214908 0.0218669 
-0.212887 0.940125 -0.266166 
0.0366437 -0.264537 -0.963679 
589.03 18.9 468.88 
263.627 218.981 -132.158 
-0.919436 -0.375883 0.115537 
-0.393122 0.885767 -0.246725 
-0.00959916 -0.272268 -0.962174 
591.64 -4.95 529.64 
237.336 278.848 -114.98 
-0.932422 -0.329947 -0.14739 
-0.333855 0.942622 0.0018908 
0.138309 0.0509699 -0.989077 
482.89 71.55 510.32 
360.202 264.165 -275.954 
-0.998382 -0.0200531 -0.0532064 
-0.00435629 0.959971 -0.280064 
0.0566928 -0.279379 -0.958506 
594.25 29.25 401.4 
277.512 152.544 -135.368 
-0.915076 -0.0840192 0.394432 
0.020766 0.966942 0.254148 
-0.402747 0.240755 -0.883081 
411.55 -213.75 392.72 
135.184 159.159 -227.543 
-0.989817 0.110583 0.0896324 
0.0735561 0.936437 -0.343037 
-0.121869 -0.332951 -0.935035 
613.68 -63 376.2 
176.647 125.982 -81.3536 
-0.930673 0.195158 -0.309452 
0.280987 0.922977 -0.262983 
0.234294 -0.331703 -0.913827 
615.71 121.95 305.92 
379.191 68.446 -155.018 
-0.930014 0.332435 0.15672 
0.32751 0.943125 -0.0570402 
-0.166769 -0.00172089 -0.985995 
500.58 -86.4 291.36 
212.317 38.9863 -171.435 
-0.854289 0.351766 0.38269 
0.380354 0.924841 -0.00103316 
-0.354291 0.144675 -0.923876 
448.38 -186.75 265.6 
123.725 24.0227 -175.292 
-0.914828 0.402245 -0.0359051 
0.383619 0.837788 -0.388519 
-0.126199 -0.369202 -0.920741 
626.73 -65.25 272.6 
171.607 23.2629 -79.2731 
-0.997045 -0.071114 -0.029056 
-0.0758432 0.97138 0.225096 
0.012217 0.226634 -0.973903 
424.02 6.3 424.36 
344.14 182.929 -303.316 
-0.987064 0.0411083 0.154965 
0.0621008 0.989147 0.133161 
-0.147809 0.141062 -0.978904 
452.44 -76.5 379.84 
250.743 131.831 -233.114 
-0.909515 0.320459 -0.264743 
0.34277 0.938499 -0.0415628 
0.235142 -0.128548 -0.963423 
544.08 122.4 284.36 
422.216 41.6812 -213.991 
-0.839318 0.404405 -0.363321 
0.386931 0.913828 0.123302 
0.381877 -0.0370903 -0.923469 
513.34 202.05 261.4 
531.988 32.7683 -261.389 
-0.947086 0.0767156 0.311678 
0.0978718 0.993798 0.0527889 
-0.305695 0.0805001 -0.94872 
471.87 -160.2 366.96 
154.728 120.324 -178.674 
-0.899051 -0.0741781 0.431515 
-0.19274 0.951968 -0.237924 
-0.39314 -0.297076 -0.870165 
609.33 -208.35 467.76 
46.7019 224.87 -21.4746 
-0.881528 -0.355707 -0.310452 
-0.291538 0.927324 -0.234682 
0.371368 -0.11637 -0.921164 
541.76 196.2 502.48 
440.077 271.263 -249.706 
-0.929023 0.206557 -0.307002 
0.271665 0.944068 -0.186903 
0.251225 -0.257039 -0.933176 
589.32 130.95 308.72 
403.228 68.6007 -181.503 
-0.939009 -0.160571 0.304103 
-0.0920707 0.969401 0.227563 
-0.331338 0.185685 -0.92506 
434.17 -174.15 431.36 
166.561 190.317 -226.287 
-0.912379 0.0868396 0.40003 
0.145323 0.982297 0.118209 
-0.382683 0.165985 -0.908847 
439.97 -202.5 349.32 
125.701 109.766 -191.807 
-0.950829 -0.267098 -0.156788 
-0.284358 0.95347 0.100178 
0.122735 0.139836 -0.982539 
453.02 63.45 493.24 
371.267 249.457 -306.265 
-0.98879 -0.0424458 0.143152 
-0.013807 0.980627 0.195396 
-0.148672 0.191229 -0.970221 
435.33 -76.95 404.48 
258.924 159.571 -255.401 
-0.906383 -0.191902 -0.376355 
-0.11129 0.967868 -0.22549 
0.407534 -0.162496 -0.898616 
559.45 216.45 439.2 
468.546 213.221 -239.814 
-0.942668 0.0250594 -0.332789 
-0.0733619 0.957226 0.279887 
0.325568 0.288255 -0.900508 
397.05 171 424.92 
516.359 206.131 -388.642 
-0.961718 -0.24883 0.114817 
-0.199162 0.922423 0.330864 
-0.188238 0.29533 -0.936668 
398.5 -97.65 465.52 
256.047 227.823 -304.506 
-0.972103 -0.23451 -0.00448247 
-0.234279 0.971713 -0.0298013 
0.0113444 -0.0279198 -0.999546 
509.28 5.85 475.88 
293.432 223.452 -217.808 
-0.885645 0.403139 0.23046 
0.358723 0.909112 -0.21174 
-0.294874 -0.104855 -0.949766 
536.54 -154.35 276.52 
116.892 24.6018 -116.073 
-0.941713 -0.301752 0.148735 
-0.296921 0.953362 0.054216 
-0.158158 0.00689339 -0.98739 
497.68 -81.9 498 
219.8 244.88 -199.508 
-0.956014 -0.0808063 0.28197 
-0.184099 0.913681 -0.362345 
-0.228351 -0.398317 -0.888369 
640.07 -118.8 461.04 
111.403 215.685 -23.0093 
-0.981046 -0.16946 -0.0939758 
-0.182712 0.970488 0.157383 
0.0645323 0.171571 -0.983056 
442.58 33.3 459.08 
355.31 215.202 -300.987 
-0.920924 -0.0445242 0.38719 
-0.0854315 0.992354 -0.0890833 
-0.380263 -0.115117 -0.917686 
541.47 -201.15 429.68 
84.2292 182.07 -97.4874 
-0.973444 0.228841 0.00625025 
0.223843 0.945748 0.235488 
0.0479781 0.230633 -0.971857 
422.57 24.75 327.48 
371.857 89.1891 -285.888 
-0.940137 0.325019 0.102493 
0.336618 0.932572 0.130377 
-0.0532074 0.157074 -0.986153 
447.51 -27.45 289.68 
304.514 44.2624 -237.172 
-0.976362 0.167036 0.13717 
0.203973 0.921998 0.329112 
-0.0714974 0.349311 -0.934275 
381.1 -36.9 333.92 
326.952 101.921 -304.202 
-0.909165 -0.369579 0.191914 
-0.361801 0.929199 0.0754325 
-0.206204 -0.00085391 -0.978509 
500.29 -107.1 521.52 
196.877 268.641 -189.653 
-0.929137 -0.286152 0.234138 
-0.317209 0.942279 -0.107185 
-0.189952 -0.173861 -0.966277 
559.16 -98.55 505.56 
173.941 252.213 -119.929 
-0.978411 -0.0554127 0.199102 
0.0298932 0.915309 0.401641 
-0.204496 0.398921 -0.893892 
360.51 -106.2 390.2 
266.529 163.18 -319.825 
-0.971483 0.236315 0.0193676 
0.222499 0.936812 -0.269956 
-0.0819385 -0.257949 -0.962678 
587 -42.3 327.76 
214.314 74.7094 -116.963 
-0.996847 -0.0226826 0.076037 
-0.00173983 0.964289 0.264848 
-0.079329 0.26388 -0.961288 
410.97 -40.95 400.56 
306.607 160.691 -293.201 
-0.995376 -0.0160475 0.0947081 
-0.048682 0.934224 -0.353348 
-0.0828082 -0.356325 -0.930685 
621.51 -42.75 415.68 
191.51 166.785 -77.9463 
-0.925783 -0.376481 0.0344595 
-0.339705 0.868411 0.361196 
-0.165908 0.322683 -0.931853 
389.22 -85.95 512.84 
267.23 276.789 -333.307 
-0.984788 -0.166772 0.0487824 
-0.149814 0.957147 0.247842 
-0.0880251 0.236763 -0.967572 
420.25 -45.45 448.44 
294.694 206.148 -294.011 
-0.907143 -0.295792 0.299332 
-0.361913 0.911319 -0.196258 
-0.214735 -0.286366 -0.933747 
598.89 -111.6 521.8 
143.463 271.311 -67.3106 
-0.893893 0.148143 -0.423095 
0.22536 0.964387 -0.138457 
0.387516 -0.219114 -0.895444 
579.75 205.2 320.76 
483.929 94.4244 -215.997 
-0.947301 -0.320194 0.00987011 
-0.283303 0.851745 0.44076 
-0.149535 0.414736 -0.897571 
356.16 -77.4 493.24 
291.216 266.182 -370.399 
-0.973358 -0.219974 0.0646985 
-0.217571 0.975133 0.0421786 
-0.0723678 0.0269784 -0.997013 
491.01 -37.35 470.56 
264.043 218.455 -221.136 
-0.95401 0.261618 -0.146357 
0.293492 0.91456 -0.278284 
0.0610485 -0.308441 -0.949283 
604.4 31.5 304.24 
287.175 56.0171 -131.34 
-0.909404 -0.348739 -0.22664 
-0.348177 0.936405 -0.0437994 
0.227501 0.0390794 -0.972993 
486.66 118.35 517.32 
396.356 275.654 -287.965 
-0.985548 0.137656 -0.0987217 
0.16139 0.940083 -0.300329 
0.0514645 -0.311921 -0.948713 
605.56 26.55 347.92 
275.328 99.7202 -126.368 
-0.982408 -0.129741 -0.13432 
-0.105856 0.979426 -0.171813 
0.153848 -0.154572 -0.975929 
552.2 79.65 434.44 
344.497 187.353 -197.671 
-0.971145 0.12477 0.203247 
0.107215 0.989663 -0.0952463 
-0.21303 -0.0707067 -0.974484 
524.07 -110.7 364.72 
176.868 111.474 -147.231 
-0.932435 -0.0777382 0.352875 
-0.103766 0.993057 -0.0554197 
-0.346117 -0.0882916 -0.934028 
531.32 -182.25 435.56 
108.509 185.883 -116.378 
-0.945837 -0.0841896 -0.313535 
-0.0686281 0.995814 -0.0603639 
0.317305 -0.0355771 -0.947656 
512.47 166.5 423.24 
451.235 187.974 -271.494 
-0.950844 0.252229 0.179656 
0.199508 0.942664 -0.267545 
-0.236838 -0.218551 -0.946648 
575.4 -123.3 333.64 
134.244 81.7747 -94.6016 
-0.90484 0.307706 -0.294248 
0.390622 0.874905 -0.286278 
0.16935 -0.373975 -0.911846 
629.34 87.75 269.24 
343.104 29.1388 -132.578 
-0.933801 -0.147975 -0.32576 
-0.084161 0.975766 -0.201986 
0.347754 -0.161198 -0.923625 
557.42 183.15 428.84 
441.323 196.562 -230.836 
-0.974743 -0.21294 0.0673181 
-0.187706 0.944483 0.269664 
-0.121003 0.250217 -0.960599 
415.32 -62.55 461.04 
280.151 219.545 -296.198 
-0.965197 -0.160559 -0.206434 
-0.215747 0.934982 0.281534 
0.147809 0.316274 -0.937082 
391.83 76.5 470.56 
418.147 241.852 -374.276 
-0.989465 -0.140411 -0.0352774 
-0.141703 0.989208 0.0372508 
0.0296662 0.0418572 -0.998683 
486.08 15.3 445.64 
317.728 195.343 -244.432 
-0.955446 -0.237279 0.175563 
-0.161602 0.918237 0.36156 
-0.246999 0.317079 -0.91567 
389.22 -128.7 453.76 
231.813 219.275 -300.751 
-0.881829 -0.313356 0.3524 
-0.362564 0.928366 -0.0817553 
-0.301538 -0.199862 -0.932272 
570.18 -157.95 525.16 
119.321 274.917 -84.786 
-0.868079 0.380365 0.319 
0.366691 0.924462 -0.104441 
-0.334629 0.026312 -0.941982 
490.72 -175.95 271.76 
115.351 23.8907 -145.024 
-0.970332 0.236165 -0.0517923 
0.201829 0.909149 0.364298 
0.133121 0.343037 -0.929841 
382.55 68.85 334.2 
437.608 107.688 -339.254 
-0.973349 0.0984124 -0.207138 
0.00764482 0.916663 0.399588 
0.2292 0.387355 -0.892986 
363.99 119.25 397.48 
488.293 180.99 -395.068 
-0.963331 -0.265738 0.0371174 
-0.256322 0.952316 0.165507 
-0.079329 0.149924 -0.98551 
449.83 -40.95 483.44 
280.929 235.586 -269.388 
-0.902877 0.108278 0.41604 
0.257191 0.911517 0.320918 
-0.344479 0.396751 -0.850836 
355 -181.35 310.96 
183.6 88.9227 -273.516 
-0.873426 0.454339 -0.175222 
0.345814 0.832057 0.433697 
0.34284 0.318208 -0.883858 
385.16 180.45 279.04 
563.741 65.64 -354.198 
-0.986783 -0.0886028 0.135682 
-0.116793 0.969282 -0.216452 
-0.112336 -0.229437 -0.966819 
577.43 -58.05 437.8 
200.274 184.138 -116.037 
-0.89631 0.30116 0.32547 
0.294692 0.953005 -0.0702718 
-0.331338 0.0329281 -0.942937 
488.4 -174.15 298.08 
122.306 50.4051 -149.848 
-0.973038 0.224777 -0.051696 
0.219284 0.971049 0.0947521 
0.0714974 0.0808613 -0.994158 
473.03 36.9 328.88 
359.49 82.03 -247.466 
-0.861701 -0.231975 0.451287 
-0.312782 0.943147 -0.11243 
-0.399549 -0.238035 -0.885268 
587.29 -211.95 511.72 
62.7466 267.611 -44.0389 
-0.986859 -0.160598 0.0178168 
-0.142209 0.915587 0.376133 
-0.076719 0.368657 -0.926394 
374.14 -39.6 445.92 
322.324 214.675 -346.459 
-0.921435 0.231864 0.311762 
0.1001 0.916995 -0.386136 
-0.375416 -0.324592 -0.868161 
618.9 -198.45 365.28 
35.7111 121.154 -24.6429 
-0.860678 0.244389 0.446661 
0.30732 0.948798 0.0730484 
-0.405939 0.200139 -0.891716 
426.63 -215.55 289.96 
107.701 53.9818 -188.63 
-0.963686 -0.265387 -0.0296585 
-0.266348 0.947261 0.178199 
-0.0191974 0.179628 -0.983547 
439.97 -9.9 486.52 
313.208 240.987 -292.879 
-0.95782 0.283405 -0.0475694 
0.27465 0.9515 0.138619 
0.0845474 0.119707 -0.989203 
459.98 43.65 310.4 
374.665 67.0877 -256.775 
-0.918693 0.0418616 0.392749 
-0.117687 0.920189 -0.373366 
-0.377033 -0.38923 -0.840444 
644.13 -199.35 440.88 
32.2291 201.203 9.16024 
-0.959874 0.0193013 -0.279766 
-0.0671209 0.952819 0.296026 
0.27228 0.302926 -0.91329 
393.57 142.2 422.4 
490.951 200.523 -381.863 
-0.990206 -0.0836631 -0.111768 
-0.094474 0.990964 0.0952113 
0.102793 0.104838 -0.989163 
464.91 53.1 430.52 
366.962 184.761 -279.798 
-0.840323 0.443309 0.311984 
0.37238 0.89031 -0.262073 
-0.393942 -0.104049 -0.913227 
537.7 -208.8 266.16 
53.3932 18.307 -95.4648 
-0.936874 0.341939 -0.0731102 
0.276626 0.85268 0.443188 
0.213883 0.394987 -0.893443 
361.67 111.15 307.88 
494.861 91.97 -362.102 
-0.879526 -0.322172 0.350199 
-0.335858 0.941637 0.0227667 
-0.337095 -0.0975933 -0.936399 
534.51 -177.3 517.04 
119.905 267.484 -120.74 
-0.992095 0.0926523 0.0846377 
0.0902877 0.995422 -0.0313598 
-0.0871557 -0.0234701 -0.995918 
507.83 -45 370.88 
252.853 117.697 -189.521 
-0.857795 -0.455655 0.237837 
-0.393635 0.879919 0.266071 
-0.330514 0.134613 -0.934152 
452.44 -173.7 538.04 
163.105 293.606 -229.28 
-0.939556 0.0894602 0.330501 
0.0797225 0.995892 -0.0429315 
-0.332984 -0.0139882 -0.942829 
504.93 -175.05 372.84 
122.371 124.067 -141.044 
-0.994581 -0.0350522 -0.0978801 
-0.0617024 0.956732 0.284352 
0.0836778 0.288851 -0.95371 
402.27 43.2 419.88 
391.001 185.405 -337.692 
-0.952565 0.292395 0.0844118 
0.265065 0.933379 -0.241957 
-0.149535 -0.208105 -0.966608 
570.47 -77.4 312.92 
185.557 58.5532 -117.987 
-0.95529 0.259668 -0.141401 
0.281157 0.94578 -0.16264 
0.0915016 -0.195124 -0.976501 
565.54 47.25 308.16 
324.147 58.3255 -170.155 
-0.931728 0.155387 0.328235 
0.192104 0.977912 0.0823617 
-0.308187 0.139794 -0.940999 
450.99 -161.55 334.76 
160.734 91.0029 -193.212 
-0.955648 -0.255656 -0.14621 
-0.19009 0.914629 -0.35682 
0.224951 -0.313201 -0.92266 
608.75 117 463 
343.917 224.689 -147.293 
-0.992346 -0.0113988 -0.122959 
0.0199203 0.967913 -0.250496 
0.121869 -0.251029 -0.960277 
584.97 63 393.56 
317.064 146.598 -158.163 
-0.912076 -0.0936682 -0.399178 
-0.0725829 0.995065 -0.0676513 
0.403545 -0.0327296 -0.914374 
511.89 214.2 425.48 
496.112 197.989 -288.82 
-0.925192 0.359894 -0.120396 
0.379449 0.872179 -0.308744 
-0.00610861 -0.331332 -0.943495 
612.23 -3.15 275.12 
248.4 25.588 -113.329 
-0.899016 0.4018 -0.174148 
0.416356 0.907502 -0.055561 
0.135716 -0.122458 -0.983151 
541.18 70.2 260.84 
369.039 12.0554 -195 
-0.991708 -0.125517 0.0275842 
-0.122645 0.988488 0.0886029 
-0.0383878 0.0844851 -0.995685 
471.87 -19.8 439.48 
292.813 189.658 -244.904 
-0.975297 0.188187 -0.115681 
0.218898 0.893671 -0.391708 
0.0296662 -0.407354 -0.912788 
639.49 15.3 329.16 
247.996 84.9092 -93.0759 
-0.987656 0.137071 0.0758139 
0.114276 0.961544 -0.24975 
-0.107132 -0.238003 -0.965338 
580.33 -55.35 363.04 
202.786 109.499 -116.783 
-0.995748 0.0247248 -0.0887445 
0.0165116 0.995611 0.0921166 
0.0906326 0.0902596 -0.991786 
469.84 46.8 394.68 
363.485 148.319 -265.913 
-0.942058 0.280001 0.184733 
0.323457 0.904161 0.27905 
-0.0888943 0.322635 -0.94234 
390.38 -45.9 293.88 
311.964 60.2903 -280.104 
-0.923223 0.383441 0.0251535 
0.338765 0.843058 -0.417721 
-0.181377 -0.377129 -0.908227 
630.79 -94.05 287.16 
136.698 38.6229 -63.8857 
-0.889874 -0.268061 0.369146 
-0.362245 0.907049 -0.214572 
-0.277315 -0.324663 -0.904262 
614.55 -144.9 524.04 
107.549 277.177 -36.0051 
-0.887769 -0.333736 -0.316997 
-0.368634 0.927919 0.055464 
0.275637 0.166095 -0.946803 
442.29 144 526.28 
437.081 292.322 -348.393 
-0.979483 -0.190295 0.0663435 
-0.175354 0.967007 0.184793 
-0.0993197 0.169368 -0.980536 
443.16 -51.3 456.84 
277.069 210.176 -267.926 
-0.925805 0.16876 -0.338237 
0.283931 0.901169 -0.327532 
0.249535 -0.399266 -0.882224 
641.23 130.05 304.52 
375.31 71.8057 -135.852 
-0.932698 -0.130695 0.336144 
-0.158591 0.98571 -0.0567923 
-0.323917 -0.10628 -0.940097 
537.41 -170.1 454.04 
118.581 203.263 -115.697 
-0.974576 0.101751 -0.199623 
0.0272224 0.93811 0.345267 
0.222399 0.331055 -0.917028 
384.87 115.65 391.04 
476.177 168.274 -372.377 
-0.888997 0.427096 0.165144 
0.3475 0.864103 -0.364101 
-0.298208 -0.266297 -0.916601 
593.96 -156.15 280.44 
85.4398 30.0181 -70.4045 
-0.954644 -0.256144 -0.151808 
-0.276446 0.951873 0.132347 
0.110602 0.168311 -0.979509 
443.45 57.15 490.44 
370.782 247.987 -314.173 
-0.941559 0.334021 -0.0435502 
0.329729 0.940364 0.083626 
0.0688859 0.064379 -0.995545 
478.54 35.55 291.92 
358.54 44.5353 -235.494 
-0.952132 -0.208998 -0.223082 
-0.121126 0.927974 -0.35241 
0.280667 -0.308519 -0.908869 
608.75 146.7 440.6 
376.322 206.15 -160.898 
-0.911466 -0.178393 0.370682 
-0.258778 0.949104 -0.179545 
-0.319786 -0.259574 -0.91124 
592.22 -167.85 488.76 
95.233 240.772 -55.2058 
-0.964899 0.26259 -0.00408793 
0.255838 0.936345 -0.240428 
-0.0593064 -0.233034 -0.970658 
578.3 -30.6 316.84 
232.064 63.2637 -129.377 
-0.988274 0.134029 0.0731515 
0.135377 0.990699 0.0137593 
-0.070627 0.0235009 -0.997226 
492.17 -36.45 356.32 
270.418 104.454 -205.999 
-0.995756 0.0627706 0.0673006 
0.0295534 0.910659 -0.412101 
-0.0871557 -0.408363 -0.908649 
640.36 -45 390.48 
180.179 144.311 -61.3067 
-0.992665 0.0876709 -0.0832501 
0.0468129 0.913596 0.403919 
0.111469 0.397059 -0.910999 
363.41 57.6 384.88 
428.795 162.139 -370.056 
-0.946858 0.204052 -0.248643 
0.251055 0.952076 -0.174707 
0.201078 -0.227846 -0.952709 
578.01 104.4 316.84 
377.888 73.4126 -181.113 
-0.929891 0.0981233 -0.354505 
0.117473 0.992514 -0.0334213 
0.348572 -0.0727229 -0.934456 
525.81 183.6 359.68 
478.803 127.435 -259.597 
-0.958895 0.175771 0.222767 
0.138179 0.974921 -0.174458 
-0.247845 -0.136505 -0.959135 
546.98 -129.15 354.08 
144.772 101.045 -117.984 
-0.890861 0.207242 -0.40425 
0.183678 0.978217 0.0967132 
0.415487 0.0119063 -0.909521 
495.65 220.95 334.76 
541.333 111.43 -296.161 
-0.890168 0.207915 -0.405429 
0.330166 0.907551 -0.259503 
0.313992 -0.36486 -0.876519 
631.08 164.7 286.04 
423.379 57.4353 -157.287 
-0.917664 0.0918029 0.386606 
-0.0577345 0.931816 -0.358309 
-0.39314 -0.351128 -0.849794 
630.21 -208.35 420.16 
27.6403 179.105 -3.88213 
-0.956723 0.0615543 -0.284416 
0.120862 0.973138 -0.195948 
0.264715 -0.221843 -0.938462 
577.14 138.15 359.68 
404.167 120.9 -195.079 
-0.941487 0.331972 -0.0582759 
0.316845 0.930685 0.182848 
0.114937 0.153685 -0.981412 
448.38 59.4 295.84 
399.048 55.6696 -268.674 
-0.917481 -0.0814899 -0.389344 
-0.0224227 0.98783 -0.153915 
0.397148 -0.132484 -0.908142 
548.14 210.6 407.84 
479.113 180.859 -250.257 
-0.867064 0.300105 -0.397664 
0.267572 0.953832 0.136416 
0.420244 0.0118776 -0.907333 
495.65 223.65 303.96 
553.25 80.8406 -291.1 
-0.920915 0.32557 0.214289 
0.211764 0.879506 -0.426175 
-0.327218 -0.347092 -0.878895 
624.99 -171.9 327.48 
55.725 81.5879 -34.5349 
-0.93779 0.303618 -0.16842 
0.296584 0.952718 0.0660777 
0.180519 0.0120163 -0.983498 
495.94 93.6 301.72 
412.083 55.5148 -245.49 
-0.974185 0.166312 -0.152653 
0.117889 0.951468 0.284271 
0.192522 0.258937 -0.946513 
411.26 99.9 361.36 
452.751 130.632 -333.701 
-0.952265 -0.171389 0.25262 
-0.172198 0.984878 0.0190796 
-0.252069 -0.0253317 -0.967378 
508.7 -131.4 457.4 
169.749 205.015 -163.191 
-0.998026 -0.0625301 0.00576672 
-0.0619162 0.964579 -0.256424 
0.0104718 -0.256275 -0.966547 
586.13 5.4 419.88 
256.84 168.823 -133.163 
-0.919972 -0.387862 -0.056699 
-0.390505 0.894304 0.218463 
-0.0340274 0.223121 -0.974197 
425.18 -17.55 528.8 
307.732 285.574 -315.908 
-0.942989 0.296464 -0.151265 
0.325618 0.915849 -0.234935 
0.0688859 -0.270796 -0.960169 
591.35 35.55 293.32 
299.957 44.0279 -143.923 
-0.88358 0.416976 -0.213115 
0.318979 0.869118 0.378003 
0.34284 0.266016 -0.900942 
404.59 180.45 288.84 
553.822 70.5781 -343.34 
-0.994198 0.0434466 0.0983988 
0.0686493 0.960551 0.269499 
-0.0828082 0.274691 -0.95796 
407.2 -42.75 377.88 
307.752 138.916 -290.311 
-0.956226 -0.0670681 0.284841 
-0.0828181 0.99561 -0.0436 
-0.280667 -0.0652814 -0.957583 
522.62 -146.7 427.72 
145.824 176.421 -138.755 
