-0.9183 0.385523 0.0899839 
0.380372 0.922227 -0.0693831 
-0.109734 -0.0294871 -0.993523 
509.86 -56.7 287.5 
189.24 -16.6392 -137.766 
-0.843211 -0.255449 -0.473013 
-0.35966 0.922029 0.143206 
0.399549 0.290877 -0.869339 
392.7 211.95 333.1 
513.965 59.7814 -383.961 
-0.940935 0.317442 0.117781 
0.24685 0.881245 -0.403078 
-0.231748 -0.350196 -0.907555 
622.38 -120.6 295.3 
40.8268 12.3885 -20.8326 
-0.95387 -0.195336 -0.227983 
-0.214089 0.974945 0.060406 
0.210472 0.106428 -0.971789 
463.75 109.35 322.65 
388.859 23.2879 -255.749 
-0.895365 -0.396115 -0.203504 
-0.321469 0.89114 -0.3202 
0.308187 -0.221275 -0.925234 
578.01 161.55 329.75 
345.008 43.6942 -136.149 
-0.964866 0.173394 0.197405 
0.197181 0.974413 0.107879 
-0.173648 0.143013 -0.974368 
451.57 -90 298.45 
200.394 0.295365 -167.983 
-0.907499 -0.413645 0.0730975 
-0.416444 0.863209 -0.285387 
0.0549502 -0.289429 -0.955621 
597.73 28.35 334.65 
218.264 40.5461 -51.1719 
-0.843398 -0.296678 0.447954 
-0.334776 0.942277 -0.00624365 
-0.420244 -0.15523 -0.894035 
557.13 -223.65 331.65 
34.4032 53.2552 -3.98933 
-0.899804 0.364852 -0.239241 
0.340905 0.930157 0.136353 
0.27228 0.0411324 -0.961338 
485.79 142.2 289.25 
440.844 -6.74485 -236.243 
-0.99081 0.0452289 0.127472 
0.0354656 0.996334 -0.0778479 
-0.130526 -0.0726116 -0.988782 
524.36 -67.5 307.95 
175.131 5.19744 -113.898 
-0.929004 -0.337134 -0.152617 
-0.234212 0.854926 -0.462867 
0.286525 -0.394261 -0.873191 
640.94 149.85 324.15 
296.522 51.4742 -62.1642 
-0.96878 0.0235307 -0.246802 
0.112949 0.928065 -0.354877 
0.220697 -0.371674 -0.901749 
629.92 114.75 303.35 
289.187 23.2632 -96.9856 
-0.999327 0.0332505 0.0154959 
0.0331511 0.999428 -0.00662603 
-0.0157073 -0.00610786 -0.999858 
502.03 -8.1 308.1 
253.176 2.46757 -162.216 
-0.984635 -0.128661 -0.118073 
-0.149791 0.969829 0.192342 
0.0897635 0.207072 -0.974199 
430.4 46.35 318.65 
357.788 21.4625 -261.476 
-0.971626 0.152369 0.180907 
0.14868 0.988305 -0.0338624 
-0.183951 -0.00600437 -0.982917 
502.03 -95.4 301.3 
158.282 1.96774 -121.985 
-0.849419 -0.475914 0.228019 
-0.347507 0.829615 0.437011 
-0.397148 0.291967 -0.870074 
392.41 -210.6 332.25 
160.527 59.7264 -219.456 
-0.901916 -0.370759 -0.221551 
-0.293921 0.902727 -0.314158 
0.316477 -0.218225 -0.923158 
577.14 166.05 328.05 
351.208 42.5701 -141.419 
-0.887468 -0.380337 -0.260277 
-0.291785 0.900841 -0.321477 
0.356738 -0.209356 -0.910444 
575.11 188.1 328.2 
371.254 46.163 -152.632 
-0.981241 -0.187871 0.0432417 
-0.155413 0.903598 0.399195 
-0.11407 0.384986 -0.915846 
367.76 -58.95 319 
304.681 35.6151 -286.906 
-0.980335 0.0999855 0.170134 
0.101308 0.994855 -0.000913431 
-0.16935 0.0163404 -0.985421 
494.49 -87.75 304.1 
174.607 2.12912 -133.949 
-0.981733 0.0136489 0.189773 
-0.057466 0.92957 -0.364139 
-0.181377 -0.368393 -0.911805 
627.6 -94.05 313.35 
75.8088 29.8925 3.46508 
-0.98531 -0.112244 -0.128709 
-0.150774 0.925681 0.346962 
0.0801989 0.361271 -0.929006 
376.75 41.4 318.7 
393.179 30.0323 -317.793 
-0.897383 0.369137 0.241749 
0.277786 0.898284 -0.340472 
-0.34284 -0.238379 -0.908645 
585.26 -180.45 292.8 
-3.4484 12.6876 -26.298 
-0.99426 0.0596125 -0.0888414 
0.0878609 0.928775 -0.360079 
0.0610485 -0.365818 -0.928682 
624.7 31.5 304.95 
204.255 17.4451 -65.1853 
-0.990637 -0.136428 -0.00498083 
-0.133059 0.95673 0.258773 
-0.0305385 0.257013 -0.965925 
413.58 -15.75 317.65 
312.965 21.4372 -253.363 
-0.930589 -0.355238 -0.0883788 
-0.360018 0.931847 0.0452699 
0.0662739 0.0739456 -0.995058 
475.35 34.2 331.15 
308.893 26.5453 -212.162 
-0.923103 -0.38371 -0.0254632 
-0.382362 0.908765 0.167167 
-0.0410037 0.164049 -0.9856 
445.19 -21.15 332.5 
284.14 30.7024 -227.551 
-0.97376 0.0065404 -0.227483 
-0.0800577 0.92585 0.369313 
0.21303 0.377834 -0.901032 
368.05 110.7 314.7 
468.477 33.0985 -349.308 
-0.925167 0.243082 -0.291509 
0.260053 0.96538 -0.0203272 
0.276476 -0.0946138 -0.956352 
532.77 144.45 294.3 
403.464 0.423462 -202.844 
-0.911204 -0.0443433 -0.409563 
-0.109461 0.984513 0.136938 
0.397148 0.169609 -0.901946 
438.23 210.6 316.85 
510.21 36.0123 -323.603 
-0.962809 0.188051 0.193997 
0.128466 0.9503 -0.283594 
-0.237686 -0.248125 -0.939116 
585.84 -123.75 302.4 
66.9299 11.8284 -37.7885 
-0.935848 0.287978 0.203121 
0.1904 0.898204 -0.396204 
-0.296542 -0.332112 -0.895413 
618.03 -155.25 298.5 
7.54895 18.6752 -4.81416 
-0.89283 -0.42388 -0.152248 
-0.388214 0.895653 -0.217017 
0.228351 -0.134655 -0.964222 
546.11 118.8 333.5 
327.932 37.3397 -155.732 
-0.956606 -0.255279 0.140488 
-0.244725 0.965576 0.0881628 
-0.158158 0.0499562 -0.986149 
483.18 -81.9 324.35 
202.373 23.801 -149.444 
-0.962052 -0.17801 -0.206807 
-0.183521 0.982986 0.00761785 
0.201933 0.0452823 -0.978352 
484.63 104.85 320.8 
370 21.9196 -230.116 
-0.979632 -0.175415 0.0977273 
-0.162177 0.978155 0.130044 
-0.118404 0.111546 -0.98668 
462.59 -61.2 319.4 
234.182 18.687 -179.98 
-0.940519 0.339687 -0.00604573 
0.303779 0.848802 0.432728 
0.152123 0.405152 -0.901504 
359.64 78.75 292.1 
451.874 11.1702 -303.811 
-0.956468 0.133066 -0.259735 
0.220818 0.911885 -0.345986 
0.190809 -0.388278 -0.901572 
635.14 99 297 
275.837 16.6657 -95.2936 
-0.986549 0.0833233 0.140633 
0.0750449 0.995176 -0.0631849 
-0.14522 -0.0517812 -0.988044 
517.4 -75.15 305.65 
171.499 2.99712 -118.035 
-0.968415 -0.137599 -0.207939 
-0.0898372 0.970484 -0.223806 
0.232597 -0.198057 -0.952193 
568.15 121.05 315.3 
328.772 22.0368 -148.015 
-0.864864 0.308561 0.39598 
0.302871 0.949785 -0.0786016 
-0.400349 0.0519512 -0.914889 
481.15 -212.4 290.7 
30.7191 7.28444 -93.8664 
-0.959451 0.275728 -0.0585415 
0.230344 0.88666 0.400969 
0.162465 0.371226 -0.914219 
371.82 84.15 296.5 
449.377 12.1046 -304.726 
-0.999 -0.0446562 -0.0023839 
-0.0418705 0.915296 0.400601 
-0.0157073 0.4003 -0.91625 
363.12 -8.1 312.4 
356.061 28.0445 -300.556 
-0.963918 0.128553 0.233101 
0.186494 0.950968 0.246739 
-0.189952 0.281308 -0.94063 
403.43 -98.55 299.05 
226.641 9.62402 -206.814 
-0.823727 -0.272131 0.497411 
-0.381488 0.915022 -0.131151 
-0.419452 -0.29779 -0.857544 
611.07 -223.2 334.85 
2.68298 65.4097 60.9717 
-0.903274 -0.123988 0.410759 
-0.136607 0.990624 -0.00138304 
-0.406737 -0.057362 -0.911743 
520.88 -216 318.6 
44.3766 35.9547 -49.3488 
-0.967785 -0.246958 0.049038 
-0.209242 0.897207 0.388892 
-0.140037 0.366103 -0.919977 
374.14 -72.45 322.2 
288.491 37.7032 -279.451 
-0.974663 0.0900452 0.204752 
0.059613 0.986853 -0.150225 
-0.215588 -0.134212 -0.967217 
545.82 -112.05 306.5 
112.49 8.8483 -75.406 
-0.980978 0.142592 -0.131718 
0.0832372 0.921983 0.37818 
0.175367 0.360022 -0.916314 
375.59 90.9 305.15 
450.611 20.102 -318.872 
-0.957865 0.279943 0.0642472 
0.281915 0.959143 0.0238338 
-0.0549502 0.0409418 -0.997649 
486.37 -28.35 293.6 
241.219 -11.4207 -166.795 
-0.938244 0.240225 0.248976 
0.251402 0.967787 0.0136131 
-0.237686 0.0753655 -0.968414 
474.19 -123.75 295 
142.788 -1.57536 -134.175 
-0.956952 0.272146 0.100897 
0.22093 0.908431 -0.354884 
-0.188238 -0.317316 -0.92945 
609.33 -97.65 297 
75.8914 8.82612 -37.0919 
-0.870044 0.381652 -0.312035 
0.402938 0.915218 -0.00409966 
0.284015 -0.129298 -0.950062 
544.95 148.5 285.15 
411.67 -7.19117 -195.614 
-0.861742 0.302276 0.407468 
0.338581 0.940762 0.0181596 
-0.377841 0.15361 -0.913039 
444.61 -199.8 288.55 
67.6776 5.54411 -126.859 
-0.971177 -0.0711137 -0.227505 
-0.149478 0.925159 0.348908 
0.185667 0.372858 -0.909123 
370.66 96.3 318.75 
448.881 35.2066 -346.875 
-0.944775 0.192076 0.26553 
0.101801 0.942164 -0.319316 
-0.311506 -0.274651 -0.909687 
597.44 -163.35 303.85 
18.8185 19.7012 -10.5225 
-0.95487 0.296908 -0.00832265 
0.286475 0.927994 0.238241 
0.0784591 0.225105 -0.97117 
424.31 40.5 293.3 
364.066 -4.51434 -241.187 
-0.987411 0.121263 0.101566 
0.0942072 0.96663 -0.238225 
-0.127065 -0.225657 -0.965885 
576.27 -65.7 304.55 
136.861 7.53164 -68.2764 
-0.890549 0.362486 0.274821 
0.390924 0.918784 0.05491 
-0.232597 0.156334 -0.959926 
446.35 -121.05 286.3 
156.421 -8.16533 -155.441 
-0.972759 -0.17185 -0.155591 
-0.161911 0.983986 -0.0745356 
0.165908 -0.0473132 -0.985006 
515.95 85.95 319.45 
330.81 17.4661 -187.12 
-0.990832 -0.00229274 0.135078 
-0.017295 0.993782 -0.109995 
-0.133986 -0.111323 -0.984711 
537.41 -69.3 311 
165.126 9.32338 -99.2001 
-0.908479 -0.237229 -0.344075 
-0.0683089 0.896498 -0.437749 
0.41231 -0.374183 -0.830655 
640.65 219.15 314.3 
373.219 52.4566 -107.714 
-0.991965 -0.0511368 -0.115715 
-0.0658863 0.989653 0.127462 
0.107999 0.134062 -0.98507 
455.05 55.8 313.8 
351.558 10.6748 -240.803 
-0.976101 -0.173741 0.130542 
-0.112939 0.918759 0.378322 
-0.185667 0.354537 -0.916423 
377.33 -96.3 316.6 
261.694 33.1566 -256.642 
-0.957286 -0.28328 0.0579376 
-0.28811 0.917585 -0.273916 
0.0244322 -0.278908 -0.960007 
593.96 12.6 326.75 
205.722 31.6678 -59.1534 
-0.917554 -0.225322 0.327603 
-0.227072 0.973304 0.0334441 
-0.326393 -0.0437027 -0.944223 
515.37 -171.45 323.9 
98.0448 33.3374 -73.8671 
-0.896639 0.250924 -0.364794 
0.298272 0.95122 -0.0788357 
0.327218 -0.179495 -0.927745 
563.51 171.9 291.6 
416.395 5.40913 -189.846 
-0.948305 -0.261377 0.179998 
-0.180041 0.910152 0.373106 
-0.261347 0.321411 -0.910161 
387.19 -136.35 320.75 
219.783 38.8759 -235.416 
-0.938011 -0.0270475 0.345548 
0.0771186 0.955674 0.284148 
-0.337917 0.293182 -0.894347 
394.73 -177.75 305.3 
155.92 27.0506 -189.419 
-0.921621 0.377513 -0.0899931 
0.330896 0.885544 0.326067 
0.202787 0.270732 -0.941053 
406.91 105.3 290.25 
451.875 -0.85501 -277.841 
-0.929626 -0.094334 0.356226 
0.0454663 0.929932 0.364911 
-0.365689 0.355427 -0.860199 
369.79 -193.05 307.2 
160.728 37.1153 -211.538 
-0.994885 0.0779724 0.0642184 
0.0695691 0.989834 -0.124052 
-0.0732382 -0.11895 -0.990195 
539.73 -37.8 306 
193.6 2.82558 -112.703 
-0.939375 -0.195102 -0.281975 
-0.170713 0.979288 -0.108865 
0.297375 -0.0541281 -0.953225 
518.85 155.7 320.3 
392.336 27.7595 -214.023 
-0.941126 0.126994 0.313297 
0.184642 0.969412 0.161703 
-0.283179 0.210031 -0.935787 
426.63 -148.05 298.9 
155.45 10.4777 -165.578 
-0.92856 -0.044627 0.36849 
0.0836886 0.942013 0.324973 
-0.361625 0.332595 -0.870981 
378.78 -190.8 304.85 
152.936 32.2435 -199.729 
-0.949117 0.105067 -0.29688 
0.185349 0.948504 -0.256878 
0.254602 -0.298834 -0.919715 
604.4 132.75 298.95 
332.176 14.0626 -133.88 
-0.899499 -0.235401 -0.368088 
-0.26559 0.963527 0.0328246 
0.346936 0.127286 -0.929211 
454.76 182.7 326.45 
455.752 39.3265 -297.756 
-0.925309 -0.375118 0.0555949 
-0.368225 0.923823 0.104694 
-0.0906326 0.0764033 -0.992949 
474.48 -46.8 331.7 
241.975 28.0667 -179.416 
-0.850852 0.30006 -0.431294 
0.378824 0.919162 -0.107861 
0.364064 -0.255158 -0.895741 
592.22 192.15 286 
429.42 8.10786 -177.118 
-0.913162 0.126856 -0.387352 
0.0446611 0.975753 0.214268 
0.405142 0.178362 -0.896687 
434.75 215.1 307.2 
533.959 27.7823 -321.55 
-0.983501 -0.178606 -0.0287193 
-0.178733 0.983896 0.00187643 
0.0279216 0.00697854 -0.999586 
497.68 14.4 320.3 
277.815 14.8501 -176.425 
-0.906472 0.414963 -0.0782005 
0.372696 0.87328 0.313816 
0.198513 0.25532 -0.946258 
412.42 103.05 287.65 
446.54 -4.67523 -269.689 
-0.912948 -0.215017 -0.346833 
-0.0606379 0.911968 -0.405755 
0.403545 -0.349402 -0.845618 
630.21 214.2 313.8 
376.358 48.1897 -118.813 
-0.98816 -0.146874 0.0443621 
-0.131849 0.96077 0.244001 
-0.0784591 0.235263 -0.96876 
420.83 -40.5 317.6 
284.19 20.8401 -234.717 
-0.979089 0.121674 0.163032 
0.0444602 0.910024 -0.412164 
-0.198513 -0.396296 -0.896405 
638.33 -103.05 307.4 
55.3044 27.6425 6.88744 
-0.903306 -0.092356 -0.418938 
-0.164158 0.976641 0.138652 
0.396347 0.194017 -0.897366 
429.24 210.15 320.3 
510.271 40.5482 -334.832 
-0.993629 0.0342843 0.107358 
0.0399083 0.997917 0.0506826 
-0.105396 0.0546441 -0.992928 
481.73 -54.45 307.7 
221.162 3.99012 -160.947 
-0.978467 -0.206382 -0.00286503 
-0.20174 0.959209 -0.198036 
0.0436194 -0.193194 -0.98019 
564.67 22.5 321.65 
235.306 21.2177 -102.913 
-0.92926 -0.166324 -0.329867 
-0.145518 0.985525 -0.0869806 
0.339559 -0.0328259 -0.940012 
511.6 178.65 318.9 
421.171 29.6842 -232.496 
-0.967102 0.174881 0.184743 
0.178369 0.983961 0.00230158 
-0.181377 0.0351783 -0.982784 
488.11 -94.05 299.55 
169.229 -1.57095 -136.843 
-0.969121 -0.0285931 0.244923 
-0.101004 0.952137 -0.2885 
-0.224951 -0.30433 -0.925624 
605.56 -117 315.95 
72.1247 28.248 -5.58749 
-0.881535 0.41123 -0.23192 
0.383302 0.910188 0.15696 
0.275637 0.0494708 -0.959988 
482.89 144 286.5 
447.854 -9.18886 -237.191 
-0.957997 -0.120781 -0.260103 
-0.128675 0.991595 0.0134728 
0.256289 0.0463757 -0.965487 
484.05 133.65 317.65 
401.274 21.2228 -243.207 
-0.991106 -0.120126 0.0572547 
-0.104169 0.968089 0.227931 
-0.0828082 0.219939 -0.971993 
426.05 -42.75 316 
277.884 18.4021 -226.473 
-0.937537 -0.305903 -0.165673 
-0.34309 0.891833 0.294828 
0.057564 0.333253 -0.941078 
386.9 29.7 330.1 
368.057 39.0936 -316.764 
-0.893579 -0.0686922 0.443619 
-0.179366 0.960545 -0.21256 
-0.411514 -0.269509 -0.870644 
599.76 -218.7 321.35 
-12.0447 47.261 34.3607 
-0.913944 -0.405148 -0.0236895 
-0.403097 0.912994 -0.0628857 
0.0471065 -0.0479249 -0.99774 
515.95 24.3 333.8 
271.063 28.7984 -155.414 
-0.916937 0.377969 0.127932 
0.362116 0.922863 -0.131137 
-0.167629 -0.0739178 -0.983075 
524.94 -86.85 288.45 
143.763 -13.164 -114.957 
-0.966028 0.0586552 -0.251693 
0.117758 0.96683 -0.226656 
0.23005 -0.248594 -0.940892 
585.84 119.7 303.05 
326.564 12.8347 -141.442 
-0.842431 -0.364851 -0.396476 
-0.351533 0.929839 -0.108733 
0.40833 0.047774 -0.911583 
482.6 216.9 332.65 
454.568 50.7712 -276.611 
-0.943907 -0.217358 -0.248587 
-0.229227 0.973178 0.0194752 
0.237686 0.0753655 -0.968414 
474.19 123.75 323.65 
392.742 26.4538 -250.399 
-0.905437 -0.29141 0.308648 
-0.349379 0.924572 -0.151992 
-0.241075 -0.245454 -0.938954 
584.97 -125.55 331.1 
96.4684 40.8651 -10.2474 
-0.950928 0.162129 -0.263534 
0.143814 0.985729 0.0874979 
0.273959 0.0453042 -0.960674 
484.34 143.1 301.4 
429.42 5.85319 -243.666 
-0.945895 -0.0428925 0.321626 
-0.0189879 0.996843 0.0770975 
-0.323917 0.0668192 -0.943723 
476.51 -170.1 311.15 
111.212 20.714 -114.289 
-0.971688 0.104058 0.212117 
0.0500738 0.968093 -0.245536 
-0.230899 -0.227963 -0.945896 
578.59 -120.15 307.05 
80.3677 14.6741 -40.3371 
-0.997345 0.0102173 0.0720945 
0.0383141 0.915594 0.400274 
-0.0619196 0.401974 -0.913555 
362.25 -31.95 307.8 
332.021 25.1033 -285.098 
-0.92924 0.0573299 0.365001 
0.0527661 0.998354 -0.0224744 
-0.365689 -0.00162444 -0.930736 
500.58 -193.05 306.75 
63.0296 19.6368 -80.8674 
-0.997395 0.0649575 -0.0313701 
0.0714942 0.948026 -0.310056 
0.00959916 -0.311491 -0.9502 
605.27 4.95 305.9 
190.043 13.0733 -70.7204 
-0.899672 0.159835 -0.406255 
0.246967 0.95369 -0.171703 
0.359997 -0.254808 -0.897483 
591.93 189.9 294.65 
410.873 16.4487 -171.611 
-0.955941 -0.281754 -0.0824073 
-0.225975 0.88546 -0.406073 
0.187381 -0.36956 -0.910117 
628.18 97.2 323.3 
258.048 41.227 -58.4012 
-0.997176 -0.0688816 -0.0299304 
-0.074103 0.967214 0.242911 
0.012217 0.244443 -0.969587 
417.93 6.3 314.25 
331.146 17.0906 -255.003 
-0.910591 0.381913 0.158009 
0.368827 0.923393 -0.106358 
-0.186524 -0.0385708 -0.981693 
513.05 -96.75 287.95 
140.05 -13.2367 -119.51 
-0.988919 -0.130578 0.0706299 
-0.12493 0.988997 0.0792335 
-0.0801989 0.0695318 -0.994351 
476.8 -41.4 317.2 
241.121 13.2215 -173.903 
-0.929782 0.339216 0.142958 
0.363442 0.907588 0.210226 
-0.0584352 0.247421 -0.967144 
416.77 -30.15 288.65 
286.66 -7.62577 -215.247 
-0.996369 0.0727504 -0.0442234 
0.078416 0.986478 -0.14392 
0.0331552 -0.146865 -0.988601 
549.01 17.1 305.5 
244.074 2.72031 -129.082 
-0.996143 0.0873467 0.00836104 
0.0845239 0.980783 -0.175844 
-0.0235598 -0.174459 -0.984383 
558.29 -12.15 305.15 
206.53 3.46653 -107.757 
-0.969333 0.201445 0.14076 
0.200739 0.979454 -0.0193471 
-0.141765 0.00950221 -0.989855 
496.81 -73.35 298.3 
184.821 -4.65944 -138.7 
-0.999346 -0.0353586 0.0075337 
-0.0357711 0.936921 -0.347707 
0.00523596 -0.347749 -0.937573 
618.03 2.7 312.05 
177.883 22.5481 -48.5781 
-0.961559 -0.0841045 -0.2614 
-0.0917408 0.995636 0.017126 
0.258819 0.0404488 -0.965079 
486.08 135 315.45 
403.415 19.1311 -241.522 
-0.91226 -0.0781372 0.402089 
0.0199056 0.97202 0.234053 
-0.409127 0.221521 -0.88518 
418.51 -217.35 308.75 
103.1 32.7226 -152.764 
-0.98936 -0.0532889 0.13538 
-0.018133 0.968417 0.248676 
-0.144356 0.243575 -0.959079 
417.35 -74.7 311.05 
250.875 16.8284 -216.701 
-0.866585 -0.465251 -0.180474 
-0.363389 0.836194 -0.410765 
0.34202 -0.290381 -0.893701 
604.4 180 332.75 
340.206 55.2324 -104.244 
-0.93325 0.0729963 -0.351733 
0.00570097 0.982023 0.188676 
0.359183 0.174077 -0.916889 
437.65 189.45 309.65 
501.715 25.0559 -310.601 
-0.888006 -0.3311 -0.319088 
-0.25128 0.930563 -0.266292 
0.385101 -0.156288 -0.909545 
556.55 203.85 325.8 
401.194 43.9388 -184.983 
-0.893508 0.139231 0.426916 
0.166409 0.985692 0.0268162 
-0.417074 0.095003 -0.903894 
465.2 -221.85 299.45 
46.8263 18.5808 -101.771 
-0.914248 -0.385762 -0.123845 
-0.405139 0.867823 0.287654 
-0.00349065 0.313162 -0.949693 
394.15 -1.8 333.9 
334.659 41.6343 -300.619 
-0.953892 -0.264166 0.142501 
-0.287997 0.939271 -0.186624 
-0.0845474 -0.219059 -0.972042 
573.66 -43.65 326.8 
170.805 28.4866 -59.4775 
-0.960583 -0.16205 0.225877 
-0.115393 0.971649 0.206357 
-0.252914 0.172158 -0.952048 
440.55 -131.85 316.85 
182.101 24.6201 -171.793 
-0.988918 -0.144475 0.0341916 
-0.133707 0.966776 0.21787 
-0.0645323 0.210884 -0.975379 
429.24 -33.3 317.7 
284.809 19.2188 -228.758 
-0.930879 -0.365269 0.00654156 
-0.358263 0.909227 -0.212022 
0.0714974 -0.199711 -0.977243 
566.99 36.9 331.05 
245.928 31.6815 -97.7605 
-0.949562 -0.000535904 0.313578 
-0.0889241 0.959408 -0.267636 
-0.300706 -0.282022 -0.911065 
599.76 -157.5 315.35 
36.3484 31.6624 3.56936 
-0.992739 -0.0200831 0.118601 
-0.00606437 0.993066 0.117397 
-0.120137 0.115826 -0.985977 
461.14 -62.1 310.35 
230.028 8.65512 -178.235 
-0.98988 0.0420117 -0.135545 
0.0614108 0.98792 -0.142278 
0.12793 -0.149162 -0.980502 
550.17 66.15 306.45 
293.956 5.77217 -149.309 
-0.965079 -0.205367 -0.162625 
-0.199858 0.978563 -0.0497187 
0.16935 -0.0154804 -0.985434 
505.22 87.75 321.7 
338.819 19.6698 -199.423 
-0.975982 -0.215566 0.03147 
-0.208342 0.965804 0.154327 
-0.0636614 0.144063 -0.987519 
451.86 -32.85 322.05 
268.811 19.8518 -207.743 
-0.972353 0.187025 -0.139826 
0.227168 0.896265 -0.380925 
0.0540788 -0.402157 -0.913972 
637.75 27.9 296.85 
195.736 13.0829 -65.0303 
-0.899482 -0.435292 0.0381101 
-0.411815 0.815337 -0.406981 
0.146083 -0.381766 -0.912641 
631.66 75.6 334.6 
235.337 51.8867 -25.4885 
-0.953365 0.198569 0.227299 
0.255453 0.931957 0.257294 
-0.160743 0.30336 -0.93922 
396.18 -83.25 295 
244.82 5.99925 -215.051 
-0.9125 -0.40684 0.042729 
-0.404364 0.881242 -0.24475 
0.0619196 -0.240612 -0.968644 
580.91 31.95 333.9 
232.375 36.749 -75.1003 
-0.927205 -0.3729 -0.035171 
-0.349437 0.895012 -0.277213 
0.134851 -0.244743 -0.960165 
582.94 69.75 330.65 
262.75 35.6494 -91.7802 
-0.884959 0.450025 -0.119683 
0.354855 0.818141 0.452463 
0.301538 0.357942 -0.883715 
372.11 157.95 288.15 
536.725 11.1116 -317.979 
-0.941467 -0.20261 0.269424 
-0.232118 0.969204 -0.0822527 
-0.244461 -0.139976 -0.959503 
548.14 -127.35 323.85 
112.878 28.5938 -56.6173 
-0.99646 0.032399 0.0775782 
0.0252231 0.995462 -0.0917559 
-0.0801989 -0.0894743 -0.992755 
529.87 -41.4 308.55 
198.084 4.92263 -120.259 
-0.881886 -0.383188 0.274671 
-0.319238 0.914051 0.250197 
-0.346936 0.13296 -0.928417 
452.73 -182.7 329.9 
141.252 43.4611 -148.176 
-0.895925 -0.290509 0.336041 
-0.25099 0.955233 0.156635 
-0.366501 0.0559902 -0.928731 
479.99 -193.5 325.65 
106.814 39.0286 -106.899 
-0.994014 0.0321767 0.104404 
0.0164829 0.988875 -0.147834 
-0.107999 -0.145229 -0.983486 
548.72 -55.8 309.05 
169.317 7.62459 -94.252 
-0.966481 -0.227231 -0.119503 
-0.256258 0.882275 0.394871 
0.0157073 0.412259 -0.910931 
358.77 8.1 324.85 
371.33 41.3457 -332.901 
-0.973229 -0.197766 -0.117104 
-0.189177 0.978636 -0.0805167 
0.130526 -0.0562078 -0.98985 
518.85 67.5 321 
310.573 17.9254 -175.144 
-0.949641 -0.205811 -0.236272 
-0.190619 0.977917 -0.0856903 
0.24869 -0.0363371 -0.967901 
512.47 129.6 321.35 
371.837 24.936 -209.596 
-0.952234 -0.145415 -0.268525 
-0.0657517 0.95635 -0.28473 
0.298208 -0.253474 -0.92023 
589.32 156.15 313.95 
348.42 29.2014 -141.377 
-0.953129 0.296167 0.0618826 
0.30235 0.924656 0.231506 
0.0113444 0.239365 -0.970863 
419.67 5.85 292.4 
328.099 -4.78229 -231.25 
-0.916004 -0.0786431 0.393385 
0.0873944 0.917927 0.387005 
-0.391534 0.388878 -0.833951 
355 -207.45 304.55 
151.78 40.8471 -217.518 
-0.946664 0.262929 -0.186269 
0.297574 0.935115 -0.192377 
0.123601 -0.237545 -0.963481 
580.33 63.9 292.55 
279.345 -3.71382 -132.285 
-0.965069 0.183464 0.187035 
0.217488 0.959046 0.181464 
-0.146083 0.215803 -0.965447 
426.92 -75.6 297.3 
233.44 1.69463 -194.565 
-0.961251 0.220446 -0.165527 
0.155689 0.92964 0.333962 
0.227501 0.295251 -0.927939 
397.63 118.35 300.8 
467.05 12.8124 -305.161 
-0.893893 0.268655 -0.358859 
0.375758 0.885594 -0.272999 
0.244461 -0.378876 -0.892576 
633.4 127.35 287.2 
322.85 9.86716 -120.427 
-0.965409 -0.116832 -0.233102 
-0.0522847 0.962579 -0.265909 
0.255446 -0.244523 -0.935391 
584.97 133.2 313.1 
330.048 24.5245 -137.505 
-0.951899 0.163073 -0.259415 
0.244406 0.914711 -0.321821 
0.184809 -0.369744 -0.910569 
628.18 95.85 295.6 
278.747 13.0566 -102.207 
-0.987188 0.156115 -0.0329765 
0.128213 0.899144 0.418451 
0.0949771 0.408862 -0.90764 
359.35 49.05 302.6 
418.239 20.1848 -310.982 
-0.963168 0.268542 0.013903 
0.258981 0.940306 -0.220802 
-0.0723678 -0.209069 -0.975219 
570.18 -37.35 294.95 
170.365 -4.74715 -95.6647 
-0.921787 0.349197 -0.168432 
0.367756 0.925085 -0.094728 
0.122735 -0.149261 -0.981151 
550.17 63.45 288.25 
303.632 -12.7049 -157.458 
-0.855141 0.216629 -0.470963 
0.30787 0.943157 -0.125182 
0.417074 -0.252044 -0.873226 
593.38 221.85 290.2 
454.525 18.2336 -185.07 
-0.885483 -0.289531 0.363444 
-0.22324 0.951042 0.213737 
-0.407534 0.108125 -0.906766 
460.56 -216.45 324.15 
98.0659 42.8349 -119.778 
-0.999071 -0.0430717 0.0013089 
-0.0401268 0.918833 -0.392601 
0.0157073 -0.392289 -0.919708 
633.98 8.1 312.3 
172.021 27.26 -34.3052 
-0.946884 -0.188036 -0.26087 
-0.150819 0.976146 -0.156181 
0.284015 -0.108541 -0.952656 
537.7 148.5 319.05 
373.087 26.792 -190.448 
-0.953302 -0.296285 -0.0585777 
-0.282381 0.943185 -0.175109 
0.107132 -0.15039 -0.982805 
550.46 55.35 326.5 
274.342 25.5193 -129.847 
-0.886923 0.197369 -0.417627 
0.277945 0.950157 -0.141237 
0.368936 -0.241344 -0.897574 
587.29 194.85 292.6 
423.608 14.3847 -178.779 
-0.920786 -0.377675 -0.09754 
-0.348855 0.909209 -0.227241 
0.174508 -0.175213 -0.968941 
559.45 90.45 330.75 
296.491 33.5363 -129.753 
-0.937093 -0.343332 0.0630811 
-0.348502 0.909752 -0.225607 
0.0200699 -0.233398 -0.972174 
578.3 10.35 330.4 
215.518 32.3418 -73.2997 
-0.858748 0.310535 0.407577 
0.372504 0.924538 0.080439 
-0.351842 0.220901 -0.909621 
420.83 -185.4 286.55 
97.9606 4.54871 -149.752 
-0.972355 -0.233267 -0.0106217 
-0.215566 0.879226 0.424846 
-0.0897635 0.41539 -0.905203 
357.03 -46.35 322.5 
324.149 41.7514 -310.258 
-0.925344 0.168345 0.339705 
0.102976 0.973928 -0.202138 
-0.364877 -0.152066 -0.918554 
554.52 -192.6 303.65 
18.5139 17.913 -35.9477 
-0.973723 0.179192 -0.140546 
0.17959 0.983691 0.00994967 
0.140037 -0.0155525 -0.990024 
505.22 72.45 299.55 
338.854 -3.81889 -194.496 
-0.960575 -0.0458427 -0.274215 
-0.0638013 0.996337 0.0569306 
0.2706 0.0721814 -0.959982 
475.06 141.3 313.8 
419.884 18.6182 -255.357 
-0.913978 -0.11325 -0.38964 
-0.0831785 0.992161 -0.093262 
0.397148 -0.0528297 -0.916233 
519.14 210.6 315.2 
451.685 32.1919 -239.061 
-0.902437 0.165192 0.397894 
0.155067 0.986215 -0.0577454 
-0.401948 0.00958862 -0.915612 
496.52 -213.3 300.25 
34.2347 16.736 -77.7213 
-0.927487 -0.260612 -0.268047 
-0.272974 0.961977 0.00924283 
0.255446 0.0817424 -0.963362 
471.87 133.2 326.4 
399.681 30.6058 -257.226 
-0.973753 0.214233 0.0768735 
0.199883 0.966438 -0.161383 
-0.108867 -0.141781 -0.983893 
547.56 -56.25 298.4 
166.093 -3.17407 -102.569 
-0.91677 0.332091 -0.221921 
0.359278 0.928391 -0.0949198 
0.174508 -0.166751 -0.970434 
556.55 90.45 288.6 
330.562 -8.87303 -163.74 
-0.922237 0.15357 0.354816 
0.254893 0.931546 0.259328 
-0.290702 0.329602 -0.898251 
383.13 -152.1 294.55 
175.879 15.505 -198.424 
-0.888458 -0.450575 0.0873169 
-0.359863 0.801985 0.47678 
-0.284852 0.392177 -0.874675 
359.93 -148.95 332.05 
233.521 58.838 -284.552 
-0.961437 0.171773 0.214786 
0.113794 0.959438 -0.257932 
-0.25038 -0.223544 -0.941986 
577.43 -130.5 303.25 
66.8315 11.9612 -42.2532 
-0.854845 0.399647 0.330942 
0.375251 0.916646 -0.137649 
-0.358368 0.00651757 -0.933558 
497.68 -189 286.3 
39.7215 -2.93019 -94.5533 
-0.956292 -0.279309 -0.0865612 
-0.292368 0.907985 0.300142 
-0.00523596 0.312331 -0.949959 
394.44 -2.7 327 
337.277 35.0813 -290.593 
-0.887219 0.352336 0.297829 
0.270404 0.92019 -0.283077 
-0.373797 -0.170617 -0.911683 
561.48 -197.55 293.05 
-6.27571 10.8305 -38.2347 
-0.975357 0.198672 0.0959591 
0.14142 0.896785 -0.419257 
-0.16935 -0.395354 -0.902782 
637.17 -87.75 301.75 
69.3134 20.5304 -10.6144 
-0.971126 -0.220372 0.0913839 
-0.180864 0.929871 0.320355 
-0.155572 0.294577 -0.942879 
399.37 -80.55 320.55 
262.912 30.484 -244.522 
-0.888021 -0.2553 0.382414 
-0.208283 0.964818 0.16045 
-0.409923 0.0628322 -0.909953 
477.09 -217.8 323.2 
83.3089 41.1556 -99.0526 
-0.878763 -0.255824 0.402902 
-0.343499 0.925111 -0.161796 
-0.331338 -0.280577 -0.900828 
600.34 -174.15 331.35 
44.6529 50.4035 26.8233 
-0.947347 -0.0829063 0.309289 
0.0430188 0.924191 0.3795 
-0.317305 0.372824 -0.871963 
365.73 -166.5 307.4 
191.128 34.6519 -226.376 
-0.966843 -0.0384609 0.252459 
-0.134161 0.917677 -0.373992 
-0.217292 -0.395461 -0.892409 
638.62 -112.95 317.9 
53.8835 39.2898 29.4468 
-0.969493 -0.027952 0.243522 
-0.0720457 0.982089 -0.174097 
-0.234294 -0.186331 -0.954142 
564.09 -121.95 314.25 
95.9075 19.9733 -47.8047 
-0.919019 -0.14706 -0.365757 
-0.117729 0.987858 -0.101375 
0.376224 -0.0501056 -0.925173 
517.98 198.9 317.3 
437.794 32.0012 -234.513 
-0.935366 -0.286122 -0.207903 
-0.340446 0.887682 0.310028 
0.0958458 0.360769 -0.927717 
376.75 49.5 330 
392.015 42.1011 -336.753 
-0.927337 -0.0863141 -0.364136 
-0.0461656 0.991991 -0.117571 
0.371368 -0.092217 -0.923895 
533.06 196.2 312.85 
430.996 27.9635 -219.367 
-0.885882 -0.172548 0.430627 
-0.303305 0.917805 -0.256202 
-0.351025 -0.357577 -0.865402 
630.21 -184.95 328.9 
10.1789 56.2671 62.3287 
-0.941427 -0.303254 -0.147486 
-0.33708 0.858719 0.385979 
0.00959916 0.413085 -0.910642 
358.48 4.95 329.7 
366.207 46.1229 -340.157 
-0.975978 0.076077 -0.204153 
0.1207 0.968914 -0.215957 
0.181377 -0.23541 -0.954822 
580.33 94.05 302.95 
303.43 9.04665 -135.947 
-0.977001 0.0893754 -0.193603 
0.00937882 0.925055 0.379717 
0.21303 0.369168 -0.904618 
371.24 110.7 309.45 
471.002 27.1015 -337.987 
-0.918674 0.277581 -0.281045 
0.343478 0.912719 -0.221285 
0.19509 -0.299821 -0.933834 
603.24 101.25 289.5 
309.554 1.83541 -132.008 
-0.948853 0.189126 0.252802 
0.0721774 0.90946 -0.409478 
-0.307357 -0.370288 -0.876595 
632.82 -161.1 305.65 
-2.51248 31.0506 22.3995 
-0.918468 0.140172 0.369822 
0.116844 0.989518 -0.0848654 
-0.377841 -0.0347348 -0.925219 
512.47 -199.8 302.75 
40.6494 15.6481 -69.8767 
-0.93653 0.170362 0.306413 
0.150846 0.984768 -0.0864697 
-0.316477 -0.0347602 -0.947963 
512.18 -166.05 300.85 
74.2807 8.32498 -84.8787 
-0.91707 0.196584 0.346898 
0.200792 0.979336 -0.0241617 
-0.344479 0.0474963 -0.937592 
483.18 -181.35 297.65 
75.1541 8.70631 -102.593 
-0.981654 -0.116589 0.15087 
-0.168679 0.899931 -0.402085 
-0.0888943 -0.420157 -0.903087 
644.71 -45.9 319.75 
114.471 38.7857 12.0194 
-0.995709 -0.0228432 0.0896799 
-0.0504404 0.946424 -0.318963 
-0.0775891 -0.322118 -0.943515 
609.33 -40.05 312.9 
141.74 21.7385 -38.0383 
-0.978803 0.202146 0.0328954 
0.20181 0.924595 0.323105 
0.0348995 0.322895 -0.945791 
390.67 18 298.35 
362.907 6.59008 -265.083 
-0.842302 0.417712 -0.340653 
0.381199 0.908464 0.17141 
0.38107 0.0145221 -0.924432 
494.78 201.6 285.65 
509.297 -0.974616 -250.742 
-0.988841 0.00170461 -0.148965 
-0.00949248 0.997182 0.0744224 
0.148672 0.075006 -0.986038 
474.77 76.95 310.55 
359.571 9.03919 -227.265 
-0.984826 -0.141971 -0.0998065 
-0.132279 0.986372 -0.097835 
0.112336 -0.0831482 -0.990185 
527.84 58.05 317.65 
296.779 14.513 -162.374 
-0.890002 0.231523 0.392803 
0.358681 0.887382 0.289656 
-0.281504 0.398685 -0.872815 
357.61 -147.15 288.05 
188.664 15.1219 -214.572 
-0.981726 -0.0726332 -0.175892 
-0.0377141 0.980222 -0.194277 
0.186524 -0.184093 -0.965049 
562.64 96.75 312.2 
311.566 15.7016 -146.101 
-0.948312 -0.151194 0.279008 
-0.117278 0.983938 0.134581 
-0.294874 0.0949036 -0.950811 
466.94 -154.35 317.05 
141.263 25.0845 -133.353 
-0.920141 0.35347 -0.168521 
0.391525 0.838116 -0.37983 
0.00698126 -0.415477 -0.909577 
642.39 3.6 286.95 
172.109 4.01261 -68.1907 
-0.994022 0.0592214 0.091728 
0.0433999 0.98521 -0.165763 
-0.100188 -0.160791 -0.98189 
553.94 -51.75 307.5 
169.01 6.45047 -92.3428 
-0.973923 0.183524 0.133387 
0.180506 0.982969 -0.0344845 
-0.137445 -0.00950806 -0.990464 
503.19 -71.1 299.5 
183.29 -3.70668 -134.21 
-0.928482 0.284058 -0.239231 
0.342535 0.90392 -0.25612 
0.143493 -0.319748 -0.936574 
609.33 74.25 289.75 
273.889 0.427485 -116.371 
-0.971364 -0.187661 0.145725 
-0.229621 0.899043 -0.372822 
-0.0610485 -0.395608 -0.916388 
635.43 -31.5 323.3 
136.083 39.1226 1.98091 
-0.928813 -0.317697 0.190722 
-0.357468 0.903771 -0.235401 
-0.0975829 -0.286821 -0.953001 
597.15 -50.4 331.05 
151.112 37.7257 -24.4476 
-0.992234 -0.0984921 0.0759722 
-0.118317 0.935802 -0.332079 
-0.0383878 -0.338488 -0.940187 
614.84 -19.8 316.8 
158.747 26.5736 -35.3146 
-0.910293 0.319103 -0.263704 
0.291387 0.946399 0.139364 
0.29404 0.0500223 -0.954483 
482.6 153.9 292.25 
453.342 -1.8567 -245.302 
-0.943405 0.103299 -0.315145 
0.0908396 0.9944 0.0540137 
0.318959 0.0223292 -0.947505 
492.17 167.4 304.5 
445.414 12.588 -248.168 
-0.975939 0.211388 -0.0534645 
0.21636 0.908419 -0.357718 
-0.0270493 -0.360679 -0.932298 
622.67 -13.95 297.5 
159.37 9.04485 -59.8425 
-0.915938 -0.361936 0.173377 
-0.373787 0.92664 -0.0402688 
-0.146083 -0.10169 -0.984032 
534.22 -75.6 332.2 
175.612 30.7873 -92.4451 
-0.890653 -0.286399 0.353147 
-0.378977 0.896739 -0.228549 
-0.251225 -0.337393 -0.907222 
618.32 -130.95 333.05 
71.41 50.5886 33.2781 
-0.995161 0.0967693 0.0170557 
0.0949467 0.902299 0.420525 
0.0253046 0.42011 -0.907121 
355.87 13.05 304.55 
382.44 22.5398 -302.787 
-0.96522 -0.258722 0.0375913 
-0.230838 0.91089 0.342042 
-0.122735 0.321468 -0.938932 
390.38 -63.45 323.45 
285.67 34.2649 -266.031 
-0.921889 0.359386 0.144783 
0.284491 0.881547 -0.376749 
-0.263031 -0.306132 -0.914931 
607.3 -137.25 292.85 
30.9826 8.39976 -29.3798 
-0.993825 -0.083705 0.0728404 
-0.0991969 0.964384 -0.245203 
-0.0497214 -0.250914 -0.966732 
584.39 -25.65 315.7 
174.871 18.6925 -66.073 
-0.938623 -0.204651 0.277678 
-0.25854 0.95028 -0.173568 
-0.228351 -0.234706 -0.944865 
580.91 -118.8 325.4 
98.3397 33.6698 -22.143 
-0.896948 -0.337343 0.285804 
-0.41255 0.871053 -0.266587 
-0.15902 -0.357023 -0.92046 
622.96 -82.35 334.7 
110.948 49.0103 22.834 
-0.903207 -0.186334 0.386649 
-0.299582 0.918795 -0.257034 
-0.307357 -0.347988 -0.885684 
624.41 -161.1 328.35 
34.1612 50.9691 46.4363 
-0.919633 0.195453 0.340694 
0.132521 0.970936 -0.199303 
-0.369747 -0.138136 -0.918807 
549.59 -195.3 301.8 
16.5867 16.2202 -40.5905 
-0.909275 -0.219923 0.353345 
-0.13427 0.9586 0.251113 
-0.393942 0.180888 -0.90116 
434.17 -208.8 318.4 
115.475 38.561 -148.379 
-0.95976 -0.219594 0.17504 
-0.220696 0.975251 0.0133902 
-0.173648 -0.0257793 -0.98447 
508.7 -90 322.95 
175.109 21.4218 -117.827 
-0.997342 0.0488516 0.0540524 
0.0261163 0.932308 -0.360721 
-0.0680153 -0.358351 -0.931106 
622.09 -35.1 308.5 
136.685 20.3633 -34.1634 
-0.897487 0.430703 0.0949352 
0.402406 0.887774 -0.223445 
-0.180519 -0.162336 -0.970082 
555.1 -93.6 285.85 
113.583 -12.2515 -92.0055 
-0.899871 -0.349273 0.26123 
-0.252095 0.905266 0.341966 
-0.355923 0.24187 -0.902673 
413 -187.65 325.65 
159.7 45.4442 -190.933 
-0.89493 0.301764 0.328693 
0.371607 0.911812 0.174664 
-0.246999 0.278457 -0.928145 
403.14 -128.7 287.45 
178.721 1.04075 -184.97 
-0.981921 -0.169703 0.0838529 
-0.189088 0.899806 -0.393185 
-0.00872654 -0.401932 -0.915628 
637.46 -4.5 320.9 
158.503 37.0304 -10.5283 
-0.948412 -0.316521 0.0181299 
-0.309073 0.935806 0.169533 
-0.070627 0.155184 -0.985358 
448.09 -36.45 328.05 
268.984 26.4241 -214.462 
-0.980203 0.171252 0.0993685 
0.19142 0.947914 0.254594 
-0.0505929 0.268575 -0.961929 
409.52 -26.1 298.95 
301.592 4.08021 -232.582 
-0.917369 0.269516 0.292909 
0.149403 0.915228 -0.374215 
-0.368936 -0.299531 -0.879868 
609.04 -194.85 300.75 
-26.2223 23.8542 6.60462 
-0.971086 0.157199 -0.179666 
0.207297 0.928522 -0.308017 
0.118404 -0.336355 -0.934262 
614.84 61.2 297.95 
247.315 9.2102 -96.7892 
-0.956553 -0.0569643 0.285939 
-0.0492938 0.998207 0.0339581 
-0.287361 0.0183877 -0.957646 
493.62 -150.3 312.95 
120.223 19.1117 -105.671 
-0.925833 0.171854 0.336601 
0.13589 0.982443 -0.127825 
-0.352658 -0.0726042 -0.932931 
525.81 -185.85 301.65 
44.0358 12.549 -64.7664 
-0.86709 -0.483899 0.118309 
-0.383336 0.799822 0.461886 
-0.318132 0.355144 -0.879013 
372.4 -166.95 333.85 
211.457 59.5845 -264.98 
-0.906417 0.275337 0.320308 
0.315648 0.945454 0.0805176 
-0.280667 0.174087 -0.943886 
439.39 -146.7 290.8 
136.866 0.42829 -151.603 
-0.943503 -0.303212 -0.133657 
-0.331335 0.85796 0.392584 
-0.00436331 0.414689 -0.909953 
357.9 -2.25 329.35 
360.513 46.188 -337.55 
-0.951155 0.0921009 0.294655 
0.0966148 0.995322 0.000765672 
-0.293206 0.0291963 -0.955603 
489.85 -153.45 304.2 
109.324 10.749 -107.824 
-0.991812 0.00273569 -0.127674 
-0.0433035 0.933331 0.356395 
0.120137 0.359005 -0.925571 
377.04 62.1 312.5 
416.141 25.2906 -316.932 
-0.884611 -0.288185 0.366623 
-0.402209 0.869367 -0.287106 
-0.23599 -0.401436 -0.884962 
641.52 -122.85 334.45 
64.5444 57.3951 59.5595 
-0.938289 0.340213 -0.0622059 
0.323995 0.927581 0.186066 
0.121003 0.154429 -0.980566 
448.09 62.55 290.95 
373.463 -9.64694 -231.139 
-0.887536 0.233287 0.397312 
0.278137 0.958766 0.058366 
-0.367313 0.162309 -0.915826 
441.71 -193.95 292.6 
83.4314 9.03543 -131.821 
-0.894009 0.442719 0.0689097 
0.416883 0.878283 -0.234154 
-0.164187 -0.180609 -0.969754 
561.19 -85.05 285 
119.68 -13.0603 -92.129 
-0.995707 -0.00981647 -0.0920418 
-0.0225957 0.990056 0.138849 
0.0897635 0.140332 -0.986027 
453.02 46.35 311.3 
345.036 9.26615 -235.548 
-0.839683 0.296358 -0.455087 
0.372973 0.923793 -0.086591 
0.394744 -0.242444 -0.886227 
588.74 209.25 286.05 
451.797 10.5758 -185.953 
-0.886354 0.32735 -0.327442 
0.361714 0.931034 -0.0483527 
0.289032 -0.161298 -0.943633 
556.26 151.2 287.8 
403.281 -2.6054 -188.327 
-0.977699 0.141213 0.155445 
0.155727 0.984095 0.0854801 
-0.140901 0.107781 -0.984139 
463.75 -72.9 300.95 
211.738 1.02312 -165.683 
-0.934897 -0.27407 0.225505 
-0.268078 0.961686 0.0574 
-0.232597 -0.00678979 -0.97255 
502.32 -121.05 326 
154.972 28.5763 -110.62 
-0.966393 0.0681285 0.247878 
0.0845484 0.994833 0.056199 
-0.242769 0.075268 -0.96716 
474.19 -126.45 305 
150.281 8.87444 -133.989 
-0.919575 0.392913 0.00133398 
0.391284 0.915441 0.0941501 
0.0357716 0.0871 -0.995557 
471 18.45 286.95 
306.074 -17.3509 -196.031 
-0.908233 0.39761 0.130454 
0.323407 0.864775 -0.384152 
-0.265556 -0.30671 -0.914007 
607.59 -138.6 290.4 
27.9403 6.1394 -32.7152 
