-0.964889 -0.21244 0.154464 
-0.196309 0.973978 0.113268 
-0.174508 0.0789683 -0.981484 
473.32 -90.45 231.5 
167.385 39.3055 -257.871 
-0.975724 0.217001 -0.02955 
0.210068 0.889205 -0.40643 
-0.0619196 -0.402771 -0.913204 
638.04 -31.95 207.85 
153.711 24.3027 -119.177 
-0.985887 -0.0398231 -0.162604 
0.0223729 0.931241 -0.363718 
0.165908 -0.362223 -0.917207 
624.99 85.95 218.7 
277.548 34.7852 -148.335 
-0.935859 0.092078 -0.340133 
0.153253 0.975543 -0.157576 
0.317305 -0.199595 -0.927081 
570.47 166.5 210.7 
387.235 25.1269 -225.356 
-0.949014 -0.204385 -0.24 
-0.143525 0.957992 -0.248299 
0.280667 -0.201193 -0.938482 
570.18 146.7 228.6 
354.866 41.5889 -212.382 
-0.989297 0.135102 -0.0551218 
0.141679 0.979758 -0.141423 
0.0348995 -0.147719 -0.988413 
549.3 18 211.85 
241.18 18.4545 -211.107 
-0.921041 0.301515 0.246521 
0.248516 0.942352 -0.22408 
-0.299873 -0.145123 -0.942876 
550.75 -157.05 204.9 
54.1588 17.6948 -170.316 
-0.91057 0.0747183 -0.406545 
-0.0389602 0.963635 0.264367 
0.411514 0.256564 -0.874546 
405.17 218.7 222.45 
499.165 43.4653 -397.523 
-0.999249 0.0248271 0.029753 
0.0200589 0.988326 -0.151026 
-0.0331552 -0.150315 -0.988082 
550.17 -17.1 218.85 
204.146 25.4773 -197.958 
-0.895618 -0.392415 -0.209474 
-0.289277 0.871549 -0.395881 
0.337917 -0.293962 -0.894091 
605.56 177.75 237.9 
365.374 56.7764 -172.588 
-0.985229 -0.0280533 0.168931 
-0.00773813 0.992776 0.119734 
-0.171069 0.116659 -0.978328 
460.56 -88.65 220.45 
170.26 28.6305 -268.616 
-0.92178 -0.313301 -0.228394 
-0.370553 0.885214 0.281223 
0.11407 0.343858 -0.932067 
382.55 58.95 241.9 
341.525 55.3078 -397.809 
-0.854238 -0.362566 -0.37259 
-0.381225 0.924138 -0.0252382 
0.353475 0.120481 -0.927653 
457.08 186.3 244.05 
426.47 58.327 -342.145 
-0.957542 0.282848 -0.0557677 
0.253888 0.918982 0.301684 
0.13658 0.274716 -0.951776 
406.62 70.65 205.15 
355.591 16.3468 -350.73 
-0.895149 0.321991 -0.308271 
0.389222 0.901669 -0.188412 
0.217292 -0.288643 -0.932454 
599.76 112.95 196.5 
329.165 10.4674 -192.558 
-0.995823 -0.0364986 0.0836876 
-0.0609072 0.948417 -0.31112 
-0.0680153 -0.314918 -0.946679 
606.72 -35.1 223.5 
163.501 35.7991 -134.818 
-0.930452 0.341632 0.132466 
0.363704 0.904998 0.220676 
-0.0444912 0.253507 -0.96631 
414.74 -22.95 198.65 
251.158 7.49645 -319.952 
-0.848688 0.283549 -0.446463 
0.343754 0.937255 -0.0581961 
0.401948 -0.202864 -0.892908 
574.24 213.3 197.95 
447.775 16.9324 -235.295 
-0.939704 -0.333345 -0.0764002 
-0.317159 0.933023 -0.169935 
0.12793 -0.135458 -0.982489 
545.53 66.15 238.65 
285.124 44.9926 -215.095 
-0.945475 0.312034 0.0933365 
0.325553 0.896979 0.29907 
0.00959916 0.313149 -0.949655 
394.15 4.95 201 
289.236 12.6414 -343.504 
-0.944513 0.109891 -0.309547 
0.0635624 0.985712 0.155987 
0.322266 0.127657 -0.938002 
455.05 169.2 216.15 
433.393 28.5622 -335.307 
-0.913629 -0.043008 -0.404267 
0.075114 0.959412 -0.271822 
0.399549 -0.278711 -0.873316 
602.66 211.95 215.3 
416.794 36.8967 -201.502 
-0.976193 0.194877 -0.0952366 
0.154614 0.933132 0.32459 
0.152123 0.302137 -0.941048 
396.76 78.75 211 
366.077 22.3321 -365.382 
-0.956299 0.0598528 0.2862 
0.143773 0.948574 0.282024 
-0.254602 0.310847 -0.915725 
391.25 -132.75 211.45 
148.818 27.9214 -322.291 
-0.93041 0.341599 0.132845 
0.35622 0.928101 0.108335 
-0.0862864 0.148118 -0.985198 
450.41 -44.55 199.05 
214.266 5.76264 -284.608 
-0.93311 -0.264796 0.243287 
-0.298691 0.947472 -0.114369 
-0.200223 -0.179386 -0.963188 
561.19 -103.95 237.75 
121.714 48.1303 -158.734 
-0.945558 0.136941 -0.295241 
0.163326 0.984327 -0.0665218 
0.281504 -0.111121 -0.953104 
538.57 147.15 210.2 
380.361 21.3259 -251.038 
-0.978657 0.176569 -0.105133 
0.192005 0.968 -0.161585 
0.0732382 -0.178322 -0.981243 
559.74 37.8 208.9 
257.702 16.5935 -205.994 
-0.908303 -0.410898 0.0784107 
-0.35322 0.853789 0.382466 
-0.224101 0.319699 -0.920636 
388.93 -116.55 241.25 
179.232 57.0963 -352.327 
-0.949474 -0.220016 -0.223812 
-0.243784 0.966147 0.0844376 
0.197657 0.134733 -0.970968 
454.18 102.6 234.4 
357.403 43.0914 -325.813 
-0.848522 -0.326404 -0.416497 
-0.384014 0.921357 0.0602885 
0.364064 0.211097 -0.907136 
424.02 192.15 244.35 
444.385 61.46 -380.867 
-0.848277 0.513476 0.129495 
0.383012 0.763776 -0.519565 
-0.365689 -0.391137 -0.844561 
644.13 -193.05 195.7 
-23.178 21.5853 -94.0301 
-0.997169 -0.054347 -0.051969 
-0.061863 0.985802 0.156101 
0.0427475 0.158874 -0.986373 
446.93 22.05 223.55 
286.424 30.2794 -310.597 
-0.866957 -0.435032 -0.24317 
-0.378764 0.892243 -0.245845 
0.323917 -0.121033 -0.938312 
542.63 170.1 243.6 
378.921 56.4581 -239.802 
-0.971823 0.235526 0.00939822 
0.222577 0.90381 0.365494 
0.0775891 0.357288 -0.930766 
378.2 40.05 207.1 
333.636 21.1399 -370.202 
-0.995545 0.0401258 -0.085322 
0.0687423 0.92825 -0.365548 
0.0645323 -0.369785 -0.926874 
626.15 33.3 216.05 
224.556 31.027 -137.496 
-0.891458 0.36872 0.263341 
0.410968 0.902727 0.127239 
-0.190809 0.221653 -0.956275 
424.31 -99 195.25 
161.212 6.38403 -292.134 
-0.972843 -0.149825 -0.176436 
-0.0842573 0.939175 -0.332943 
0.215588 -0.309035 -0.926293 
607.01 112.05 224.95 
308.033 39.7061 -167.627 
-0.987403 0.128334 0.0925549 
0.150212 0.944099 0.293451 
-0.0497214 0.303657 -0.951483 
397.34 -25.65 211.35 
257.873 22.7628 -340.876 
-0.934391 -0.0476284 -0.353051 
0.080927 0.936736 -0.340553 
0.346936 -0.346781 -0.871423 
625.86 182.7 215.05 
377.833 37.0959 -171.933 
-0.94067 -0.0290014 0.338081 
-0.148988 0.930464 -0.334723 
-0.304864 -0.365234 -0.879581 
630.79 -159.75 229 
34.6524 50.719 -78.0816 
-0.928677 -0.269153 0.255178 
-0.207584 0.947356 0.243772 
-0.307357 0.173414 -0.93566 
439.1 -161.1 232.6 
114.681 46.5263 -279.105 
-0.954822 -0.0862035 -0.2844 
-0.128249 0.982828 0.132671 
0.268079 0.163151 -0.949482 
443.45 139.95 227.65 
401.64 39.0323 -344.242 
-0.963278 0.0365251 -0.266011 
-0.0260655 0.973305 0.22803 
0.267238 0.22659 -0.936611 
421.12 139.5 221.55 
414.465 34.3676 -363.729 
-0.97447 -0.0339708 0.221932 
0.0238155 0.96727 0.252629 
-0.22325 0.251465 -0.941767 
413.29 -116.1 218.6 
161.298 31.6169 -308.761 
-0.886132 0.438521 0.149898 
0.370677 0.864808 -0.338684 
-0.278153 -0.244555 -0.928883 
585.55 -145.35 197.3 
50.0588 11.8429 -148.909 
-0.961064 -0.0938183 -0.259914 
-0.150499 0.966568 0.207596 
0.231748 0.238629 -0.943053 
417.64 120.6 228.9 
392.769 40.9227 -366.651 
-0.963579 -0.248042 -0.0999543 
-0.239354 0.966628 -0.0913222 
0.11927 -0.0640717 -0.990792 
521.46 61.65 233.95 
291.478 40.0784 -242.767 
-0.921889 0.144938 0.359325 
0.228144 0.952638 0.201072 
-0.313164 0.267344 -0.911293 
405.17 -164.25 206.1 
106.13 23.2848 -299.083 
-0.93029 0.126607 0.344284 
0.0154262 0.951222 -0.30812 
-0.366501 -0.28133 -0.886865 
602.08 -193.5 219.05 
5.19488 39.7263 -106.291 
-0.835537 -0.369483 0.406646 
-0.370259 0.925467 0.0801172 
-0.405939 -0.0836233 -0.910066 
530.45 -215.55 243.9 
36.451 61.4526 -168.389 
-0.986135 -0.00646755 0.16582 
0.0241006 0.983064 0.181669 
-0.164187 0.183147 -0.969278 
437.94 -85.05 218.6 
182.581 27.8643 -291.482 
-0.964173 -0.0579638 0.258863 
0.0454693 0.925282 0.376544 
-0.261347 0.374824 -0.889497 
367.47 -136.35 217.3 
158.54 37.2333 -349.564 
-0.963186 -0.229736 -0.139619 
-0.159454 0.90634 -0.391309 
0.21644 -0.354641 -0.909606 
623.54 112.5 229.4 
300.326 46.3863 -146.252 
-0.969124 0.246035 -0.0162703 
0.243427 0.965182 0.0957425 
0.0392598 0.0888258 -0.995273 
470.42 20.25 205.9 
276.107 11.634 -282.658 
-0.85992 -0.320722 0.397083 
-0.388269 0.915996 -0.100987 
-0.331338 -0.241016 -0.91221 
585.84 -174.15 244.3 
52.4199 61.462 -114.399 
-0.841913 -0.286779 0.457101 
-0.371328 0.922529 -0.105148 
-0.391534 -0.258259 -0.883178 
594.54 -207.45 243.8 
17.8328 63.7341 -98.8244 
-0.941462 0.286413 -0.17781 
0.332465 0.876153 -0.34903 
0.0558215 -0.387714 -0.920088 
632.53 28.8 200.55 
222.654 16.2487 -143.763 
-0.996964 -0.0476713 0.0615573 
-0.0287185 0.960046 0.278364 
-0.0723678 0.275751 -0.958501 
406.91 -37.35 221.65 
243.951 32.2741 -335.718 
-0.913239 -0.210079 0.349086 
-0.0430673 0.901789 0.430026 
-0.405142 0.377682 -0.832596 
358.48 -215.1 222.7 
87.2185 50.3126 -347.414 
-0.960433 0.165705 -0.223852 
0.241244 0.896606 -0.371347 
0.139173 -0.410657 -0.901106 
642.1 72 205.9 
262.662 24.2099 -139.927 
-0.995798 -0.0359674 0.0842238 
-0.033034 0.998807 0.0359674 
-0.0854169 0.033034 -0.995798 
488.98 -44.1 221.9 
203.145 27.5213 -251.62 
-0.977918 -0.188961 0.0892764 
-0.203407 0.958653 -0.19902 
-0.0479781 -0.212785 -0.97592 
571.34 -24.75 231.75 
189.469 40.3397 -168.673 
-0.951009 -0.285526 0.118561 
-0.288032 0.957611 -0.00420116 
-0.112336 -0.0381448 -0.992938 
512.76 -58.05 236.85 
183.283 42.9688 -223.201 
-0.940792 0.126174 0.314627 
0.0972214 0.989587 -0.106142 
-0.324743 -0.0692689 -0.943262 
524.36 -170.55 214.1 
57.2051 26.3968 -187.357 
-0.934917 -0.238943 0.262366 
-0.292985 0.936891 -0.190776 
-0.200223 -0.255229 -0.945922 
587.58 -103.95 237.4 
110.832 50.1613 -129.969 
-0.942503 -0.309971 0.124923 
-0.330984 0.917488 -0.220605 
-0.0462347 -0.249268 -0.96733 
583.81 -23.85 239.35 
187.148 49.0612 -151.333 
-0.995619 0.0121326 0.092715 
0.0417288 0.944984 0.324444 
-0.0836778 0.326892 -0.94135 
388.93 -43.2 217.6 
244.611 30.4849 -349.267 
-0.901102 0.319064 -0.293622 
0.223835 0.922243 0.315224 
0.371368 0.218326 -0.902452 
421.12 196.2 206.05 
483.245 23.5192 -366.519 
-0.921371 0.0473622 -0.385789 
-0.07656 0.950989 0.299597 
0.38107 0.305576 -0.872587 
388.06 201.6 224.75 
487.062 46.0892 -411.988 
-0.986815 -0.153239 0.0520913 
-0.136932 0.962044 0.236051 
-0.0862864 0.225806 -0.970343 
424.02 -44.55 227.9 
230.971 36.9264 -320.172 
-0.999263 0.036116 0.0130391 
0.0383878 0.947358 0.317866 
-0.000872665 0.318132 -0.948046 
392.41 -0.45 217.8 
286.524 29.6205 -356.194 
-0.956989 0.29011 -0.00281739 
0.275316 0.905041 -0.324193 
-0.0915016 -0.311025 -0.945987 
605.56 -47.25 203.95 
149.98 16.0927 -148.138 
-0.905415 -0.201752 -0.373525 
-0.121612 0.966246 -0.227112 
0.406737 -0.160205 -0.899388 
558.58 216 227.65 
427.447 45.559 -241.165 
-0.904846 -0.346748 -0.247023 
-0.349151 0.936394 -0.035485 
0.243615 0.0541397 -0.96836 
481.44 126.9 241.1 
365.043 50.1007 -301.637 
-0.915192 -0.23309 -0.328775 
-0.179553 0.966165 -0.185164 
0.360811 -0.110428 -0.926078 
539.44 190.35 231.1 
407.702 45.502 -254.475 
-0.871912 0.328294 0.363309 
0.295126 0.944379 -0.145083 
-0.390731 -0.0192776 -0.920303 
506.96 -207 201.3 
15.7597 17.144 -198.132 
-0.991631 0.0898518 -0.092706 
0.0745611 0.984791 0.156928 
0.105396 0.148702 -0.983249 
450.12 54.45 215.7 
318.868 22.9062 -312.448 
-0.972057 0.110518 -0.207102 
0.116771 0.992993 -0.0181762 
0.203642 -0.0418518 -0.978151 
514.21 105.75 213.15 
345.912 20.9755 -263.95 
-0.966548 -0.0607143 -0.249197 
-0.130682 0.952584 0.274784 
0.220697 0.298158 -0.928652 
396.76 114.75 227.7 
396.472 41.6066 -385.843 
-0.917195 0.396581 0.0384235 
0.375234 0.892183 -0.251412 
-0.133986 -0.216176 -0.967117 
573.08 -69.3 197.75 
138.469 6.88165 -176.963 
-0.937363 -0.333982 0.0990314 
-0.347671 0.914726 -0.205915 
-0.0218149 -0.227447 -0.973546 
576.27 -11.25 240.35 
201.707 49.202 -162.138 
-0.971457 0.161479 -0.17377 
0.169546 0.984985 -0.0325278 
0.165908 -0.0610614 -0.984249 
520.59 85.95 210.1 
324.38 16.5895 -255.164 
-0.959601 0.139518 -0.244339 
0.18479 0.967366 -0.173364 
0.212178 -0.211512 -0.954067 
572.5 110.25 209.1 
328.591 20.2351 -211.02 
-0.893275 0.347717 0.284875 
0.35638 0.934067 -0.0226257 
-0.273959 0.0813127 -0.958298 
471.87 -143.1 198.25 
96.3886 9.20787 -242.802 
-0.875842 -0.446729 -0.182575 
-0.3973 0.88221 -0.252703 
0.273959 -0.148791 -0.950162 
551.62 143.1 244.4 
350.755 55.9441 -222.882 
-0.980393 0.0646072 -0.186159 
0.102179 0.974469 -0.199923 
0.168489 -0.215025 -0.961965 
573.08 87.3 214.05 
301.904 24.1911 -203.006 
-0.829269 0.517369 0.211288 
0.384934 0.802888 -0.45519 
-0.405142 -0.296143 -0.864962 
609.62 -215.1 195.1 
-36.1584 18.1112 -118.151 
-0.873292 0.305582 -0.379449 
0.327379 0.944863 0.00747244 
0.360811 -0.117698 -0.925183 
542.05 190.35 199.45 
431.919 14.695 -258.38 
-0.952951 -0.296608 -0.062509 
-0.294988 0.859987 0.416419 
-0.0697565 0.415267 -0.907021 
357.32 -36 237.2 
265.089 54.2608 -401.946 
-0.999109 -0.039227 -0.0155564 
-0.0366357 0.989251 -0.141566 
0.0209424 -0.14087 -0.989807 
546.98 10.8 222.1 
233.464 28.453 -206.828 
-0.89676 0.318586 0.307124 
0.402079 0.876466 0.26484 
-0.184809 0.360986 -0.914076 
375.01 -95.85 195.85 
183.362 12.4727 -334.99 
-0.95209 -0.216158 0.216336 
-0.1756 0.965566 0.191958 
-0.25038 0.144772 -0.957262 
450.12 -130.5 230.45 
138.196 41.4092 -273.094 
-0.919422 -0.00475658 -0.393243 
0.0369278 0.994465 -0.0983679 
0.391534 -0.104963 -0.914157 
537.99 207.45 217.7 
436.657 33.472 -264.243 
-0.894553 -0.369698 -0.251195 
-0.405787 0.907364 0.109667 
0.187381 0.200035 -0.961704 
431.85 97.2 244.4 
355.678 54.4375 -351.809 
-0.934104 0.320089 -0.158092 
0.286476 0.936315 0.203089 
0.21303 0.144417 -0.966314 
450.7 110.7 202.95 
381.718 12.1325 -320.076 
-0.952925 -0.299585 0.0467224 
-0.303201 0.942415 -0.141151 
-0.00174533 -0.148672 -0.988885 
549.59 -0.9 237.65 
221.442 44.4788 -195.709 
-0.952617 0.290926 -0.0887823 
0.230462 0.880835 0.413542 
0.198513 0.373486 -0.906146 
370.08 103.05 206.4 
403.594 23.6896 -390.662 
-0.993958 -0.0116006 0.10915 
-0.00260218 0.99661 0.0822245 
-0.109734 0.0814437 -0.990619 
472.74 -56.7 220.15 
197.185 26.7079 -264.351 
-0.913261 -0.359982 -0.1907 
-0.353314 0.932949 -0.0690978 
0.202787 0.00427265 -0.979213 
498.55 105.3 241.15 
338.656 48.6706 -277.238 
-0.975667 0.00914463 -0.219067 
0.0443048 0.986742 -0.156131 
0.214735 -0.162038 -0.963137 
555.39 111.6 217.4 
332.44 27.3131 -224.521 
-0.896985 0.28188 0.340531 
0.338048 0.933764 0.117508 
-0.284852 0.220519 -0.932862 
422.86 -148.95 199.35 
109.809 13.8094 -283.82 
-0.984502 0.174813 -0.0140302 
0.175366 0.980501 -0.0886773 
-0.00174533 -0.0897633 -0.995962 
529.87 -0.9 209.9 
229.206 15.4936 -223.83 
-0.927157 0.155148 0.341041 
0.197919 0.975681 0.0942041 
-0.318132 0.154841 -0.935316 
445.48 -166.95 207.95 
88.3442 22.1407 -261.493 
-0.984399 0.112355 0.135408 
0.149755 0.939017 0.309549 
-0.0923706 0.324998 -0.941193 
389.51 -47.7 211.35 
238.02 24.5288 -342.431 
-0.876098 -0.204481 0.436624 
-0.339816 0.904315 -0.258339 
-0.34202 -0.374702 -0.861755 
636.3 -180 241.2 
24.479 65.3203 -59.0962 
-0.908138 0.402921 0.113758 
0.418657 0.871676 0.254767 
0.00349065 0.278989 -0.960288 
406.04 1.8 195.25 
279.752 5.49722 -328.91 
-0.917705 -0.17081 -0.358667 
-0.187543 0.982182 0.0121097 
0.350207 0.0783787 -0.933387 
472.16 184.5 231.55 
429.362 45.0869 -325.078 
-0.974501 -0.0486717 -0.219041 
0.0297737 0.93951 -0.341224 
0.222399 -0.339045 -0.914105 
618.03 115.65 218.25 
310.67 34.5965 -162.529 
-0.997364 -0.0669069 0.0280842 
-0.0566344 0.95973 0.275155 
-0.045363 0.272839 -0.96099 
408.07 -23.4 223.25 
257.539 33.3939 -338.925 
-0.899201 -0.158138 0.407959 
-0.187034 0.981843 -0.0316561 
-0.395546 -0.104767 -0.912451 
537.99 -209.7 231.75 
27.0694 49.1898 -160.999 
-0.990027 -0.0954263 -0.103631 
-0.0735717 0.977575 -0.197318 
0.120137 -0.187726 -0.974847 
563.22 62.1 224.25 
276.937 32.735 -201.85 
-0.967981 -0.238603 0.0779843 
-0.182902 0.883176 0.431912 
-0.171929 0.403819 -0.898538 
359.64 -89.1 230.7 
213.682 49.3597 -381.187 
-0.971163 0.00860037 -0.238259 
0.0339138 0.99417 -0.102349 
0.23599 -0.107478 -0.965794 
536.83 122.85 218 
351.29 27.5045 -245.495 
-0.917452 -0.364769 0.158823 
-0.323986 0.916702 0.233861 
-0.230899 0.163099 -0.95921 
444.03 -120.15 239.45 
154.361 50.1838 -286.659 
-0.879918 -0.35826 0.31208 
-0.400075 0.91299 -0.0799313 
-0.256289 -0.195188 -0.946688 
567.57 -133.65 244.45 
96.1807 56.8948 -143.476 
-0.949701 -0.311555 -0.031653 
-0.29489 0.855699 0.425227 
-0.105396 0.413173 -0.904533 
357.61 -54.45 237.25 
247.822 54.8215 -397.458 
-0.926282 -0.254584 0.277829 
-0.209596 0.960777 0.181598 
-0.313164 0.109979 -0.94331 
461.43 -164.25 232.75 
102.877 45.8733 -253.941 
-0.99575 -0.0412777 0.0823252 
-0.0104279 0.938713 0.344541 
-0.0915016 0.342218 -0.935155 
383.42 -47.25 220.6 
243.51 34.5234 -355.809 
-0.984429 0.128045 -0.12043 
0.162089 0.92633 -0.340059 
0.0680153 -0.354285 -0.932661 
620.64 35.1 210.65 
230.043 24.6555 -147.737 
-0.959314 0.128975 0.251162 
0.128852 0.991518 -0.0170065 
-0.251225 0.0160481 -0.967796 
494.49 -130.95 212.35 
108.951 22.0924 -224.646 
-0.894858 -0.399632 0.198804 
-0.403104 0.914826 0.0245088 
-0.191666 -0.0582069 -0.979733 
519.72 -99.45 244.25 
146.348 51.4617 -205.995 
-0.97686 -0.168739 0.131425 
-0.119943 0.940951 0.316584 
-0.177085 0.293495 -0.939416 
399.37 -91.8 227 
194.609 40.2564 -334.391 
-0.97796 0.0263545 0.207123 
0.0743915 0.970882 0.227714 
-0.19509 0.238104 -0.951444 
418.51 -101.25 215.65 
172.812 27.5372 -305.261 
-0.904723 -0.360652 -0.226731 
-0.419958 0.844399 0.332603 
0.0714974 0.396132 -0.915406 
364.28 36.9 244.9 
326.691 60.7076 -415.957 
-0.988301 -0.0960654 -0.118459 
-0.0466071 0.929774 -0.365168 
0.14522 -0.355375 -0.923374 
622.09 75.15 222.7 
266.55 38.035 -145.311 
-0.970754 0.213587 -0.109624 
0.184303 0.95562 0.229831 
0.153848 0.202905 -0.967037 
431.27 79.65 209.25 
354.47 18.3468 -333.333 
-0.919673 -0.0647894 0.387303 
0.0635034 0.948774 0.309507 
-0.387516 0.30924 -0.868448 
386.32 -205.2 216.05 
80.125 39.0359 -314.517 
-0.958309 0.275728 0.0749459 
0.285684 0.929408 0.233633 
-0.00523596 0.245304 -0.969432 
417.64 -2.7 203.4 
272.41 12.5057 -322.782 
-0.974034 -0.226353 -0.00477675 
-0.212374 0.906161 0.365746 
-0.0784591 0.357263 -0.930703 
378.2 -40.5 232.3 
253.229 46.742 -373.244 
-0.961351 0.146534 0.233092 
0.163463 0.985018 0.054944 
-0.221548 0.0909224 -0.970901 
468.97 -115.2 210.35 
134.85 19.7441 -252.056 
-0.893657 -0.262939 -0.363648 
-0.359248 0.904807 0.228615 
0.26892 0.334944 -0.903048 
381.97 140.4 241.9 
416.171 59.0915 -416.001 
-0.915861 -0.0507594 -0.398274 
-0.0688639 0.997136 0.0312745 
0.395546 0.0560698 -0.916733 
479.7 209.7 224.3 
457.329 39.7722 -322.603 
-0.95002 -0.277813 -0.142414 
-0.310514 0.888052 0.339034 
0.032283 0.36631 -0.929933 
375.3 16.65 238.1 
307.173 52.0331 -394.282 
-0.965071 -0.254609 -0.0617419 
-0.254983 0.966944 -0.00187162 
0.0601775 0.0139369 -0.99809 
495.36 31.05 234.8 
273.265 40.0317 -263.774 
-0.955065 -0.0546075 -0.291324 
0.0300141 0.960011 -0.278347 
0.294874 -0.274583 -0.915234 
596.86 154.35 218.2 
358.195 34.3843 -192.747 
-0.99931 0.00250373 0.0370642 
0.00610451 0.995231 0.0973583 
-0.0366437 0.0975174 -0.994559 
467.52 -18.9 219.65 
237.196 25.481 -278.772 
-0.933718 -0.0858439 -0.347566 
-0.0301589 0.986237 -0.162566 
0.356738 -0.141309 -0.923455 
550.46 188.1 221.85 
408.383 36.6711 -246.001 
-0.944481 0.0873737 0.316736 
0.0967697 0.995208 0.0140247 
-0.313992 0.0438964 -0.94841 
484.63 -164.7 214.15 
79.2593 26.8491 -225.795 
-0.937506 -0.228627 0.262322 
-0.24595 0.968659 -0.0347596 
-0.246153 -0.0971054 -0.964354 
533.35 -128.25 234.7 
108.567 44.9769 -184.16 
-0.8467 0.319158 -0.425719 
0.361148 0.932308 -0.0193337 
0.390731 -0.170118 -0.904649 
561.77 207 196.9 
446.01 14.0198 -244.286 
-0.89378 0.214568 0.39385 
0.237817 0.971253 0.0105521 
-0.380263 0.103095 -0.919114 
462.88 -201.15 205.1 
42.4073 21.6744 -237.687 
-0.99975 -0.0195171 0.0108881 
-0.0174507 0.986095 0.165263 
-0.0139622 0.165032 -0.986189 
444.9 -7.2 221 
258.323 27.9177 -304.399 
-0.9255 0.339051 -0.168803 
0.375807 0.877497 -0.297941 
0.0471065 -0.339182 -0.939541 
615.13 24.3 197.9 
225.127 11.258 -159.836 
-0.909693 -0.375985 0.176337 
-0.40407 0.899375 -0.166888 
-0.0958458 -0.223069 -0.970079 
575.11 -49.5 243.95 
168.763 53.3057 -153.341 
-0.958611 -0.28244 0.0359525 
-0.276689 0.894338 -0.351573 
0.0671446 -0.346969 -0.93547 
618.03 34.65 236.1 
227.487 49.9841 -128.758 
-0.991669 -0.0800215 -0.10094 
-0.0441643 0.94735 -0.31714 
0.121003 -0.31004 -0.942992 
605.56 62.55 222.55 
260.637 35.3898 -159.481 
-0.918133 0.394486 -0.0375782 
0.392564 0.892503 -0.222106 
-0.0540788 -0.218674 -0.974298 
573.37 -27.9 196.85 
183.573 5.56358 -184.269 
-0.903303 0.08836 0.419805 
0.198604 0.953514 0.226646 
-0.380263 0.288105 -0.87886 
394.73 -201.15 207.6 
72.6569 29.0592 -301.855 
-0.943429 -0.117175 0.31018 
-0.0535718 0.977052 0.206155 
-0.327218 0.177876 -0.928056 
437.07 -171.9 223.25 
98.8208 38.2133 -273.988 
-0.994665 -0.102891 -0.00741707 
-0.102789 0.982452 0.155634 
-0.00872654 0.155567 -0.987787 
448.09 -4.5 225.9 
259.742 32.5742 -303.732 
-0.953732 0.133781 0.269255 
0.0383058 0.94232 -0.332513 
-0.298208 -0.306814 -0.903846 
608.75 -156.15 217.7 
39.1844 36.1277 -109.32 
-0.917091 0.0860764 0.389275 
0.111792 0.992764 0.0438513 
-0.382683 0.0837336 -0.920077 
469.84 -202.5 213.05 
45.4957 29.4847 -231.348 
-0.933704 -0.134499 0.331823 
-0.207852 0.958227 -0.196465 
-0.291537 -0.25241 -0.922657 
588.74 -152.55 232.55 
61.2655 48.7189 -120.049 
-0.918329 -0.0621217 0.390912 
-0.145449 0.971473 -0.187307 
-0.368125 -0.228868 -0.901168 
582.65 -194.4 229 
20.6478 47.9735 -118.89 
-0.959865 -0.214657 -0.180502 
-0.122962 0.900529 -0.417047 
0.252069 -0.378114 -0.890781 
633.4 131.4 227.3 
314.677 47.6285 -142.319 
-0.902746 -0.0857393 0.421543 
-0.108445 0.993646 -0.0301364 
-0.416281 -0.0729198 -0.906307 
526.68 -221.4 226.85 
15.6742 45.0526 -170.642 
-0.908061 0.362543 -0.209733 
0.352214 0.931957 0.0860299 
0.226651 0.00424976 -0.973967 
498.55 117.9 198.8 
372.378 7.2862 -279.583 
-0.97635 0.0227798 0.214991 
0.01619 0.999345 -0.0323629 
-0.215588 -0.0281168 -0.97608 
509.57 -112.05 219.05 
125.226 27.7755 -214.448 
-0.922804 -0.356643 -0.145736 
-0.384126 0.880827 0.276752 
0.0296662 0.311369 -0.949826 
394.73 15.3 242.6 
297.056 54.1024 -375.281 
-0.96625 0.0941048 0.239803 
0.0489481 0.980998 -0.18774 
-0.252914 -0.169665 -0.952496 
558.58 -131.85 217.1 
83.8658 28.9028 -162.712 
-0.864025 -0.326316 0.383377 
-0.355244 0.93476 -0.00498856 
-0.356738 -0.140503 -0.923578 
550.17 -188.1 242.35 
52.0557 58.1429 -151.7 
-0.870044 -0.315762 -0.378574 
-0.402938 0.897931 0.177089 
0.284015 0.306617 -0.908472 
391.83 148.5 244.85 
417.166 61.2905 -408.185 
-0.992928 -0.0074862 -0.118484 
-0.00866515 0.999918 0.00943819 
0.118404 0.0103981 -0.992911 
496.52 61.2 220.5 
305.189 26.3013 -270.187 
-0.903635 -0.383796 -0.190115 
-0.356863 0.920125 -0.161306 
0.236838 -0.0779172 -0.96842 
526.68 123.3 241.55 
343.735 50.6371 -248.824 
-0.917787 -0.258111 0.301738 
-0.180895 0.948257 0.260932 
-0.353475 0.184897 -0.916989 
433.88 -186.3 231.15 
91.8615 47.6783 -278.332 
-0.857007 0.274485 0.436116 
0.326402 0.94405 0.0472378 
-0.398749 0.182832 -0.89865 
433.3 -211.5 199.15 
37.5595 18.4474 -261.625 
-0.954774 -0.285496 0.0830581 
-0.296465 0.892778 -0.339199 
0.0226873 -0.348482 -0.937041 
618.32 11.7 237.25 
206.157 50.9716 -122.299 
-0.925902 -0.00859079 0.377665 
0.042045 0.991186 0.125626 
-0.375416 0.132197 -0.917381 
452.44 -198.45 217.4 
60.9409 34.1045 -249.994 
-0.912033 -0.380525 -0.152956 
-0.407972 0.879888 0.243632 
0.0418757 0.284602 -0.957731 
404.01 21.6 244.1 
298.627 54.7109 -367.021 
-0.940742 0.186102 0.283497 
0.261775 0.929951 0.258194 
-0.215588 0.317106 -0.923561 
390.09 -112.05 204.45 
166.39 19.8892 -323.437 
-0.975218 -0.03239 0.218865 
-0.105943 0.936807 -0.33342 
-0.194234 -0.348344 -0.917022 
620.64 -100.8 226.2 
94.3238 42.8626 -103.217 
-0.995617 0.0644508 0.0677747 
0.0399881 0.948422 -0.314479 
-0.0845474 -0.31039 -0.946842 
605.27 -43.65 217.7 
154.555 30.0712 -138.491 
-0.973943 -0.00667161 0.226694 
0.0484858 0.970332 0.236866 
-0.221548 0.241685 -0.944725 
416.77 -115.2 217.15 
159.994 29.9211 -304.567 
-0.961417 -0.00713259 0.275003 
-0.0579607 0.982476 -0.17715 
-0.26892 -0.186255 -0.944982 
564.67 -140.4 223.45 
76.5999 36.2349 -151.855 
-0.954365 -0.0111669 -0.298434 
-0.129883 0.915363 0.381104 
0.26892 0.402474 -0.875041 
356.74 140.4 227.75 
437.201 48.6015 -432.098 
-0.989132 -0.0919211 0.114751 
-0.0544352 0.953962 0.294948 
-0.13658 0.285496 -0.948598 
402.85 -70.65 223.15 
213.024 35.4359 -332.529 
-0.982231 -0.0869103 -0.166337 
-0.10497 0.989122 0.103045 
0.155572 0.118674 -0.98067 
459.98 80.55 226.1 
337.739 33.6793 -312.434 
-0.915181 0.195928 -0.352217 
0.27022 0.946664 -0.175524 
0.299041 -0.255812 -0.919312 
590.19 156.6 203.55 
374.696 19.1511 -207.516 
-0.890969 -0.107458 -0.441166 
-0.217195 0.95409 0.206247 
0.398749 0.279579 -0.873404 
397.05 211.5 233.7 
484.21 54.8568 -410.591 
-0.899836 0.348676 0.262144 
0.372724 0.926765 0.0467318 
-0.226651 0.139758 -0.963897 
452.15 -117.9 197.5 
131.167 7.90204 -264.999 
-0.906891 -0.31351 0.281532 
-0.247247 0.936959 0.246934 
-0.3412 0.154334 -0.927234 
445.19 -179.55 235.25 
96.5567 50.2844 -269.672 
-0.983175 0.120891 0.136938 
0.0851522 0.966553 -0.241919 
-0.161604 -0.226188 -0.960585 
576.85 -83.7 215.05 
124.674 25.6364 -157.831 
-0.92259 -0.370252 0.108361 
-0.373687 0.92747 -0.0125753 
-0.0958458 -0.052095 -0.994032 
517.4 -49.5 242.05 
190.651 48.188 -219.725 
-0.97152 -0.236552 0.0138816 
-0.218941 0.918513 0.329239 
-0.0906326 0.316823 -0.944145 
392.41 -46.8 232.7 
241.743 45.176 -356.67 
-0.923724 0.340129 -0.1762 
0.25704 0.891419 0.373232 
0.284015 0.299473 -0.910852 
394.44 148.5 204.45 
443.374 20.4812 -377.698 
-0.907789 0.0906587 -0.409512 
-0.0253568 0.962712 0.269337 
0.41866 0.254886 -0.871641 
405.46 222.75 221.6 
503.948 43.0263 -397.597 
-0.952304 0.208149 -0.223139 
0.245396 0.957023 -0.154559 
0.181377 -0.201944 -0.962456 
568.73 94.05 205.55 
315.02 15.6118 -212.239 
-0.969141 -0.237138 -0.0673162 
-0.199818 0.91564 -0.348822 
0.144356 -0.324606 -0.934768 
611.07 74.7 231.65 
268.301 45.525 -149.145 
-0.909179 -0.412156 -0.0593343 
-0.396266 0.812603 0.427376 
-0.12793 0.412073 -0.902125 
357.61 -66.15 243.55 
236.414 61.6336 -401.355 
-0.849525 0.333344 0.408888 
0.33207 0.940145 -0.0765239 
-0.409923 0.0707706 -0.90937 
474.19 -217.8 198.65 
14.4411 16.5263 -224.606 
-0.949061 -0.220779 -0.22481 
-0.200864 0.973625 -0.1082 
0.242769 -0.0575322 -0.968377 
519.72 126.45 231.95 
354.151 41.0541 -260.547 
-0.985568 0.0424437 -0.163873 
0.0163428 0.987392 0.157449 
0.168489 0.152499 -0.973835 
448.38 87.3 219.05 
352.154 27.4009 -323.569 
-0.933524 0.172595 0.314237 
0.224119 0.965062 0.135744 
-0.279829 0.197146 -0.93959 
431.27 -146.25 206.5 
114.912 20.1118 -278.912 
-0.917705 0.387246 -0.0886486 
0.370777 0.915037 0.158845 
0.142629 0.112904 -0.983316 
462.01 73.8 198 
338.594 4.97723 -299.869 
-0.953664 0.0663059 -0.293476 
0.0775677 0.996624 -0.0268897 
0.290702 -0.048408 -0.955588 
516.82 152.1 215.35 
391.202 25.8212 -272.502 
-0.942354 0.329671 0.0573178 
0.328163 0.877039 0.350874 
0.0654031 0.349458 -0.934667 
381.1 33.75 200.8 
325.168 14.4155 -360.881 
-0.894642 -0.387819 0.221837 
-0.406769 0.912403 -0.0453719 
-0.184809 -0.130828 -0.974028 
544.37 -95.85 244.45 
139.817 55.2988 -176.427 
-0.908705 0.393848 0.138344 
0.416997 0.841202 0.344226 
0.0191974 0.370489 -0.928638 
373.85 9.9 195.35 
300.378 9.70232 -357.414 
-0.937622 0.214138 -0.273881 
0.115125 0.934586 0.336592 
0.328042 0.284066 -0.900941 
398.5 172.35 213 
462.507 30.5939 -386.677 
-0.97813 0.0445982 0.203156 
0.106259 0.946807 0.303753 
-0.178802 0.318698 -0.930839 
390.38 -92.7 213.8 
191.932 28.2894 -333.646 
-0.969201 0.0022456 0.246261 
-0.00761224 0.999207 -0.0390708 
-0.246153 -0.0397421 -0.968416 
513.63 -128.25 220.45 
107.983 29.8957 -206.562 
-0.998328 -0.0515045 -0.0262483 
-0.0479531 0.991428 -0.121536 
0.032283 -0.120074 -0.99224 
540.02 16.65 222.75 
242.095 28.9907 -215.024 
-0.934917 -0.284701 0.211837 
-0.191061 0.906879 0.375588 
-0.299041 0.31067 -0.902252 
389.8 -156.6 231.55 
137.932 50.0409 -333.851 
-0.995621 0.0932141 -0.00701 
0.0914848 0.987056 0.13172 
0.0191974 0.130502 -0.991262 
456.5 9.9 214.75 
270.749 20.741 -295.412 
-0.931013 -0.10192 0.350466 
-0.0691862 0.992092 0.10472 
-0.358368 0.0732479 -0.930703 
473.9 -189 224.25 
67.2563 39.1618 -232.136 
-0.917161 0.355218 0.180656 
0.280404 0.897334 -0.340831 
-0.283179 -0.26194 -0.922604 
591.93 -148.05 203 
46.8302 18.5641 -138.28 
-0.927572 -0.141138 0.345961 
-0.248542 0.924425 -0.28925 
-0.278991 -0.354287 -0.89255 
625.57 -145.8 235 
54.7767 55.0663 -81.665 
-0.98524 -0.132626 -0.108221 
-0.150763 0.971734 0.181667 
0.0810687 0.195301 -0.977387 
434.46 41.85 228.7 
309.815 36.5996 -330.238 
-0.976164 -0.00958159 -0.216822 
-0.0494503 0.982567 0.179212 
0.211325 0.185662 -0.95962 
436.49 109.8 222.9 
377.82 32.9043 -342.241 
-0.937695 0.282423 0.2024 
0.24775 0.951876 -0.180423 
-0.243615 -0.119038 -0.962539 
540.89 -126.9 205.2 
90.363 15.4397 -185.566 
-0.970949 0.0962456 -0.219079 
0.0687468 0.989145 0.129867 
0.2292 0.111034 -0.967026 
462.01 119.25 215.95 
380.126 25.0357 -317.143 
-0.918562 -0.395016 -0.0143314 
-0.386128 0.888959 0.246287 
-0.0845474 0.231764 -0.969091 
421.99 -43.65 242.8 
233.358 51.9356 -331.088 
-0.892339 0.249443 -0.376176 
0.316871 0.93972 -0.128529 
0.321439 -0.233891 -0.91759 
582.94 168.75 200.45 
393.375 16.1567 -217.695 
-0.886328 -0.319459 0.335215 
-0.397402 0.896352 -0.196533 
-0.237686 -0.307407 -0.921415 
607.01 -123.75 244.15 
89.715 60.2696 -101.018 
-0.9623 -0.00499267 -0.271944 
-0.0723557 0.968503 0.238257 
0.262189 0.248951 -0.932352 
413.29 136.8 224.3 
413.32 37.6217 -372.322 
-0.912111 -0.266823 0.311223 
-0.213094 0.957153 0.196082 
-0.350207 0.112529 -0.929888 
459.98 -184.5 233.15 
84.4416 48.0808 -251.018 
-0.976653 -0.179083 0.118655 
-0.179249 0.983759 0.00935629 
-0.118404 -0.0121311 -0.992891 
504.06 -61.2 230.4 
182.18 36.514 -232.015 
-0.991024 0.0744733 -0.111015 
0.0415362 0.960887 0.273809 
0.127065 0.26674 -0.955356 
409.52 65.7 217.6 
346.597 28.4318 -355.052 
-0.981749 -0.169911 -0.0854391 
-0.146723 0.962503 -0.228165 
0.121003 -0.211465 -0.969866 
571.34 62.55 228.5 
273.095 37.7141 -191.266 
-0.961681 -0.18394 0.203311 
-0.246023 0.906231 -0.343827 
-0.121003 -0.380672 -0.916759 
630.79 -62.55 234.35 
130.879 50.9878 -94.6704 
-0.892413 0.1913 -0.408661 
0.246649 0.96521 -0.0867921 
0.377841 -0.17825 -0.90855 
564.38 199.8 204.55 
430.398 21.585 -240.191 
-0.91048 0.412924 -0.0227997 
0.362324 0.823058 0.437374 
0.199368 0.38996 -0.89899 
363.99 103.5 198.3 
407.074 16.6854 -387.282 
-0.91593 -0.00138161 -0.401335 
-0.115709 0.958441 0.260773 
0.384295 0.285288 -0.878025 
395.6 203.4 227.2 
483.511 47.7464 -406.672 
-0.991724 -0.0889161 -0.0926144 
-0.113869 0.942376 0.31458 
0.0593064 0.322523 -0.944702 
390.67 30.6 226.55 
318.629 38.8603 -372.268 
-0.941821 -0.25605 -0.217742 
-0.241819 0.966126 -0.0901371 
0.233445 -0.0322391 -0.971835 
511.02 121.5 234.4 
351.86 42.9584 -268.336 
-0.972275 0.216692 0.0878945 
0.233423 0.921814 0.309472 
-0.0139622 0.321408 -0.946838 
391.25 -7.2 206.5 
278.595 18.5883 -347.321 
-0.917294 -0.396897 0.0323099 
-0.37621 0.890355 0.256386 
-0.130526 0.223027 -0.966034 
424.6 -67.5 242.3 
210.689 51.9443 -322.435 
-0.925362 -0.361029 0.115603 
-0.377633 0.851236 -0.364404 
0.0331552 -0.380861 -0.924038 
629.92 17.1 242.2 
207.897 57.6725 -106.183 
-0.921858 -0.386605 -0.0267252 
-0.368717 0.896248 -0.246552 
0.11927 -0.217432 -0.968761 
573.37 61.65 241.8 
269.539 51.1005 -181.078 
-0.912673 0.200587 -0.356079 
0.163394 0.977696 0.13196 
0.374607 0.0622554 -0.925091 
477.67 198 209.85 
456.955 23.1109 -316.494 
-0.964843 0.216216 -0.149424 
0.221865 0.974829 -0.0220242 
0.140901 -0.054402 -0.988528 
518.27 72.9 207.05 
312.46 13.9305 -254.579 
-0.974113 0.11367 -0.195404 
0.151671 0.96959 -0.19207 
0.167629 -0.216735 -0.961731 
573.66 86.85 211.15 
302.528 21.375 -203.616 
-0.95655 -0.18227 0.227572 
-0.106449 0.944952 0.30941 
-0.27144 0.271741 -0.923297 
404.88 -141.75 226.35 
143.442 41.9296 -316.587 
-0.955625 0.289631 -0.0538025 
0.259638 0.914372 0.310663 
0.139173 0.282908 -0.948996 
403.72 72 204.8 
358.077 16.4387 -353.198 
-0.953545 0.219129 0.206723 
0.152733 0.943139 -0.29523 
-0.259662 -0.249941 -0.932794 
587 -135.45 210.9 
65.5435 25.3024 -138.844 
-0.943522 0.221004 -0.246828 
0.293874 0.902281 -0.315478 
0.152986 -0.370197 -0.916269 
627.6 79.2 202.7 
277.658 18.9545 -157.38 
-0.93482 0.0975083 -0.341473 
-0.00326315 0.959166 0.282825 
0.355107 0.265505 -0.896329 
404.3 187.2 220.2 
470.077 38.4108 -390.031 
-0.893039 0.382663 0.23675 
0.377234 0.923492 -0.0696968 
-0.245307 0.0270685 -0.969067 
490.72 -127.8 197.1 
105.259 6.7053 -230.548 
-0.841637 0.424493 -0.333845 
0.365081 0.902753 0.227491 
0.397949 0.0695844 -0.914765 
474.77 211.05 196.55 
485.974 11.7477 -318.353 
-0.895839 -0.370529 -0.245317 
-0.390452 0.919903 0.0364075 
0.212178 0.1284 -0.968759 
456.21 110.25 243.55 
358.789 52.3826 -326.614 
-0.979262 -0.0360894 0.199356 
-0.115037 0.909042 -0.400512 
-0.166769 -0.41514 -0.894342 
644.42 -86.4 226.7 
99.2202 46.3045 -82.1239 
-0.985843 0.155804 0.0619613 
0.149975 0.984615 -0.0896678 
-0.0749787 -0.0791057 -0.994042 
526.39 -38.7 211.35 
191.102 17.4179 -217.223 
-0.881165 -0.234825 -0.410372 
-0.290565 0.953654 0.0782075 
0.372988 0.188153 -0.908558 
432.14 197.1 238.25 
451.629 54.7336 -371.537 
-0.94154 0.0927912 0.32387 
-0.0205445 0.943719 -0.330109 
-0.336274 -0.317464 -0.886643 
614.26 -176.85 221.25 
18.6859 42.0511 -96.7424 
-0.959341 -0.204346 0.1947 
-0.189955 0.977647 0.0901269 
-0.208765 0.0494782 -0.976713 
483.18 -108.45 231.2 
146.19 40.1598 -241.989 
-0.962025 -0.00371411 0.272937 
0.0841663 0.947151 0.309551 
-0.259662 0.320768 -0.91087 
387.48 -135.45 215 
149.976 32.2042 -327.725 
-0.970932 -0.104597 -0.215294 
-0.143375 0.974396 0.173195 
0.191666 0.199028 -0.961068 
432.14 99.45 228.4 
366.616 38.2949 -346.557 
-0.938134 0.130677 0.320667 
0.219174 0.941032 0.257723 
-0.268079 0.312061 -0.911456 
390.38 -139.95 206.85 
138.347 23.9135 -318.57 
-0.963438 0.26778 -0.00897061 
0.252753 0.919464 0.301166 
0.0888943 0.287888 -0.95353 
402.56 45.9 205.3 
330.7 16.1386 -348.637 
-0.970735 0.177977 0.161236 
0.168548 0.983169 -0.0704974 
-0.171069 -0.0412584 -0.984395 
513.92 -88.65 210.15 
143.703 17.8749 -216.93 
-0.911295 -0.395115 -0.115867 
-0.389641 0.918485 -0.0675729 
0.133121 -0.0164323 -0.990964 
505.51 68.85 243.15 
302.218 49.1502 -260.653 
-0.969537 0.0365701 0.242199 
0.104469 0.956086 0.273837 
-0.221548 0.290797 -0.930781 
399.37 -115.2 213.85 
165.229 28.3301 -319.791 
-0.938021 0.0650719 -0.340416 
0.151926 0.960019 -0.235123 
0.311506 -0.272268 -0.910403 
596.57 163.35 210.8 
373.159 27.5895 -199.502 
-0.947015 -0.271288 -0.171944 
-0.231733 0.94779 -0.219076 
0.222399 -0.167623 -0.960438 
557.42 115.65 233.75 
327.961 43.8487 -216.219 
-0.917537 0.393827 0.0550113 
0.395154 0.887531 0.236945 
0.0444912 0.239144 -0.969964 
419.67 22.95 196.7 
298.576 5.70076 -323.004 
-0.987178 -0.0484331 -0.152096 
-0.07336 0.983924 0.162824 
0.141765 0.171894 -0.974862 
442 73.35 224.25 
338.844 32.4413 -328.336 
-0.967757 0.0844259 0.237315 
0.165422 0.923524 0.346032 
-0.189952 0.374132 -0.907713 
370.08 -98.55 210.3 
192.15 27.7997 -349.35 
-0.99641 0.0204871 0.0821428 
0.00434769 0.98138 -0.192026 
-0.0845474 -0.190979 -0.977946 
564.09 -43.65 219.75 
171.808 27.9365 -177.452 
-0.933004 0.101978 -0.345115 
0.0407358 0.982773 0.180273 
0.357553 0.154137 -0.921085 
444.9 188.55 217.5 
458.051 31.0817 -349.873 
-0.940786 0.329195 -0.0809484 
0.337777 0.889988 -0.306314 
-0.028794 -0.315518 -0.948483 
606.72 -14.85 200.25 
184.792 12.4777 -156.885 
-0.887872 -0.101532 -0.448747 
-0.204166 0.961003 0.186521 
0.41231 0.257225 -0.873977 
404.88 219.15 232.95 
489.234 53.8535 -403.632 
-0.991981 0.117682 0.046098 
0.126196 0.942382 0.309823 
-0.00698126 0.313156 -0.949676 
394.15 -3.6 212.75 
282.313 24.5063 -350.069 
-0.958584 0.277565 0.0638274 
0.24078 0.909481 -0.338924 
-0.152123 -0.309519 -0.938646 
605.85 -78.75 205.9 
116.264 19.2282 -139.146 
-0.982749 0.153435 0.103253 
0.149504 0.987744 -0.044833 
-0.108867 -0.0286228 -0.993644 
509.57 -56.25 211.35 
179.848 17.5933 -228.656 
-0.873753 -0.258875 -0.411752 
-0.299152 0.953552 0.0352981 
0.38349 0.154018 -0.910612 
444.32 202.95 238.9 
451.478 55.0976 -359.753 
-0.919618 -0.360988 0.154887 
-0.328366 0.922862 0.201249 
-0.215588 0.134212 -0.967217 
454.18 -112.05 239.65 
158.086 49.3142 -277.006 
-0.945657 0.243993 0.214943 
0.276529 0.951213 0.136838 
-0.171069 0.18884 -0.966993 
435.91 -88.65 203.7 
172.829 13.5114 -286.939 
-0.925293 -0.357234 0.127343 
-0.36355 0.931105 -0.0295899 
-0.107999 -0.073675 -0.991417 
524.65 -55.8 241.45 
181.941 47.9191 -210.091 
-0.94144 -0.224708 -0.251392 
-0.295932 0.907983 0.296634 
0.161604 0.353657 -0.921309 
378.2 83.7 237.45 
368.552 52.3369 -405.014 
-0.925525 0.038752 -0.376699 
0.149902 0.950986 -0.27047 
0.347754 -0.306795 -0.885971 
610.78 183.15 210.8 
388.123 30.9317 -190.015 
-0.924743 0.024218 0.379821 
-0.125852 0.922375 -0.365221 
-0.359183 -0.385537 -0.849911 
641.52 -189.45 227.75 
0.648489 53.5209 -62.2425 
-0.95161 0.302856 0.0521204 
0.301869 0.889454 0.343143 
0.057564 0.342272 -0.937836 
383.71 29.7 202.4 
320.077 15.5834 -359.032 
-0.95831 -0.281922 0.0464968 
-0.279322 0.958601 0.0553544 
-0.0601775 0.0400591 -0.997384 
486.66 -31.05 236.25 
218.851 41.643 -258.482 
-0.918152 -0.104894 -0.382091 
-0.042496 0.984829 -0.168244 
0.393942 -0.138236 -0.908681 
550.17 208.8 222.65 
428.303 39.4767 -250.648 
-0.994145 0.0104482 -0.107549 
-0.00347023 0.991714 0.128421 
0.107999 0.128042 -0.985871 
457.08 55.8 220.2 
316.47 27.0512 -307.574 
-0.929911 0.292406 0.223079 
0.332041 0.928305 0.167326 
-0.158158 0.229669 -0.960332 
421.99 -81.9 200.35 
183.909 10.8159 -299.597 
-0.970489 -0.224877 -0.0870757 
-0.22584 0.974164 0.00123883 
0.0845474 0.0208674 -0.996201 
493.04 43.65 233.1 
286.343 38.5417 -269.354 
-0.914411 0.171695 0.366571 
0.297992 0.898427 0.322536 
-0.273959 0.404166 -0.872695 
355.87 -143.1 201.95 
144.41 24.1268 -346.708 
-0.955704 0.223194 -0.191871 
0.276753 0.903343 -0.327687 
0.100188 -0.366272 -0.925098 
625.28 51.75 203.85 
248.554 18.6771 -152.643 
-0.891804 0.276429 -0.358152 
0.338765 0.932711 -0.123645 
0.299873 -0.231596 -0.92544 
581.49 157.05 199.2 
382.222 14.055 -216.826 
-0.956985 -0.000434395 -0.290137 
-0.0125276 0.999128 0.039825 
0.289867 0.0417467 -0.956156 
485.5 151.65 220.75 
400.023 31.4619 -303.003 
-0.918263 0.35004 0.185111 
0.35065 0.936009 -0.0305288 
-0.183951 0.0368756 -0.982243 
487.53 -95.4 199.1 
141.912 6.45258 -241.091 
-0.928426 -0.366207 -0.0625911 
-0.306149 0.849576 -0.429527 
0.210472 -0.379622 -0.900882 
632.53 109.35 238.25 
291.611 56.5293 -126.654 
-0.935559 0.329977 -0.125876 
0.266501 0.893482 0.361478 
0.231748 0.304638 -0.923844 
394.15 120.6 204.1 
413.82 18.6163 -371.668 
-0.912007 -0.209041 0.35291 
-0.249497 0.965637 -0.0727822 
-0.325568 -0.154428 -0.932822 
554.52 -171 235.3 
59.9882 50.0271 -151.368 
-0.984151 0.0132916 -0.176831 
0.0197558 0.999197 -0.0348458 
0.176226 -0.037787 -0.983624 
512.76 91.35 218.85 
329.097 25.9221 -261.5 
-0.895599 0.393845 0.206854 
0.349179 0.910458 -0.221674 
-0.275637 -0.126301 -0.952928 
543.79 -144 198.7 
67.6125 10.3492 -182.388 
-0.957631 -0.115326 0.263898 
-0.091366 0.990644 0.101371 
-0.27312 0.0729651 -0.959209 
474.77 -142.65 225.45 
113.237 36.57 -242.152 
-0.916837 0.334417 0.218116 
0.225197 0.884248 -0.409136 
-0.329691 -0.325992 -0.886021 
617.16 -173.25 206.2 
11.9643 26.5404 -108.462 
-0.90912 0.267914 0.318939 
0.355365 0.898314 0.258353 
-0.217292 0.348214 -0.911883 
378.78 -112.95 198.65 
165.443 15.6982 -329.953 
