-0.860796 -0.270076 0.431379 
-0.365386 0.917962 -0.154397 
-0.354291 -0.290524 -0.888861 
604.98 -186.75 241.8 
13.7002 72.2062 6.75571 
-0.914863 0.0685501 0.397902 
0.0848693 0.996114 0.0235236 
-0.394744 0.0552905 -0.917126 
479.99 -209.25 196.52 
15.846 9.47751 -136.568 
-0.973594 -0.0180479 0.227571 
-0.0774785 0.963824 -0.255031 
-0.214735 -0.265929 -0.939772 
591.64 -111.6 212.28 
73.5675 35.6533 -43.7839 
-0.890665 -0.441798 -0.107378 
-0.407778 0.880678 -0.241089 
0.201078 -0.170943 -0.964544 
558.29 104.4 244.36 
296.407 58.3244 -101.95 
-0.999524 -0.0141397 -0.027417 
-0.00436127 0.94461 -0.328165 
0.0305385 -0.327889 -0.944222 
611.07 15.75 205.4 
191.917 29.0364 -58.4791 
-0.997526 0.00731036 0.0699164 
-0.00870528 0.974077 -0.22605 
-0.0697565 -0.226099 -0.971603 
575.98 -36 205.8 
153.573 21.2144 -81.6052 
-0.98976 -0.105004 -0.0966959 
-0.0822427 0.973156 -0.21495 
0.116671 -0.204796 -0.971826 
569.02 60.3 212.6 
252.244 26.1909 -105.315 
-0.95985 0.0896195 -0.265814 
0.129777 0.981956 -0.137554 
0.24869 -0.166528 -0.95416 
557.42 129.6 192.68 
332.787 7.28617 -147.084 
-0.964858 0.187371 0.184231 
0.100559 0.911025 -0.3999 
-0.242769 -0.367321 -0.897852 
629.05 -126.45 195.48 
40.6937 28.1048 -22.6181 
-0.919767 -0.0215706 0.391872 
-0.0796605 0.987965 -0.13259 
-0.384295 -0.153168 -0.910416 
555.39 -203.4 212.92 
-0.946749 35.0517 -58.5677 
-0.924322 -0.310875 0.221328 
-0.292325 0.949619 0.113002 
-0.245307 0.0397509 -0.96863 
486.37 -127.8 233.08 
111.387 38.5082 -136.651 
-0.867684 -0.340205 -0.36247 
-0.347049 0.936602 -0.0483005 
0.355923 0.0838854 -0.930743 
470.13 187.65 239.88 
407.064 47.9212 -228.147 
-0.923056 -0.288863 -0.254018 
-0.164421 0.893283 -0.418342 
0.347754 -0.344387 -0.872046 
624.99 183.15 221.16 
349.119 55.6321 -61.5099 
-0.913683 0.129142 0.385365 
0.0199366 0.961275 -0.274869 
-0.405939 -0.243461 -0.880875 
589.61 -215.55 203 
-32.6793 35.1303 -31.5302 
-0.918382 0.299288 -0.258846 
0.326118 0.942968 -0.0667671 
0.224101 -0.145732 -0.963608 
549.88 116.55 173.72 
331.898 -13.8792 -162.614 
-0.905 -0.125342 0.406528 
-0.259504 0.919877 -0.294082 
-0.337095 -0.37164 -0.865015 
634.85 -177.3 230.6 
3.38776 67.5199 26.728 
-0.994458 0.0698849 -0.0785415 
0.0547284 0.981993 0.180815 
0.0897635 0.175514 -0.980376 
441.13 46.35 199.96 
296.272 -3.70782 -237.372 
-0.910682 -0.145632 -0.386586 
-0.00158944 0.937029 -0.349247 
0.413104 -0.317439 -0.853567 
618.32 219.6 205.16 
393.247 41.7867 -91.5189 
-0.954954 -0.205934 0.213668 
-0.221346 0.973879 -0.0506444 
-0.197657 -0.0956577 -0.975593 
532.48 -102.6 225.88 
112.018 35.8824 -96.3328 
-0.968215 -0.249557 0.0167784 
-0.243199 0.954972 0.16995 
-0.0584352 0.160468 -0.98531 
446.35 -30.15 227.56 
218.056 25.68 -205.239 
-0.986222 -0.0608499 -0.153828 
-0.0111888 0.952297 -0.304966 
0.165048 -0.299043 -0.939858 
602.37 85.5 206.04 
265.04 28.8929 -81.2457 
-0.985383 -0.124898 0.115852 
-0.140241 0.980812 -0.135426 
-0.0967144 -0.149693 -0.983991 
550.17 -49.95 217.96 
152.494 29.0636 -93.4307 
-0.966177 0.233443 -0.109577 
0.200965 0.947858 0.247344 
0.161604 0.216956 -0.962712 
426.34 83.7 186.2 
345.62 -16.1295 -261.754 
-0.957913 -0.0579537 0.281149 
-0.0981459 0.986506 -0.131046 
-0.26976 -0.153124 -0.950675 
553.07 -140.85 214.36 
61.7143 30.7756 -73.1623 
-0.984551 -0.162498 -0.0652287 
-0.172717 0.962506 0.209167 
0.028794 0.217201 -0.975702 
427.21 14.85 220.92 
269.26 17.2964 -238.866 
-0.916709 -0.376625 -0.133413 
-0.399548 0.86189 0.312261 
-0.00261799 0.339558 -0.940582 
384.87 -1.35 242.68 
272.499 38.931 -281.912 
-0.933344 -0.123259 0.337159 
-0.212907 0.946258 -0.243448 
-0.289032 -0.299004 -0.909427 
605.56 -151.2 225.56 
36.139 53.1773 -11.4319 
-0.936927 -0.214368 0.276071 
-0.306235 0.884199 -0.352721 
-0.168489 -0.415016 -0.894076 
644.42 -87.3 233.96 
86.2708 69.1867 23.7232 
-0.903789 -0.061916 0.423477 
-0.163432 0.964424 -0.20779 
-0.395546 -0.257008 -0.881754 
594.25 -209.7 221.4 
-17.9442 51.5342 -14.605 
-0.993409 0.079805 0.0822805 
0.0851652 0.99432 0.0638321 
-0.076719 0.0704188 -0.994563 
476.51 -39.6 197.16 
192.236 -3.1242 -182.65 
-0.923314 0.384045 0.000418295 
0.369299 0.888162 -0.27347 
-0.105396 -0.252345 -0.96188 
585.26 -54.45 170.12 
132.835 -11.9535 -98.3887 
-0.961598 -0.201852 -0.185969 
-0.18953 0.978445 -0.0820014 
0.198513 -0.0436058 -0.979128 
514.79 103.05 222.84 
314.525 28.4 -166.535 
-0.910198 -0.203864 -0.360527 
-0.106118 0.956204 -0.272786 
0.400349 -0.210031 -0.891968 
576.85 212.4 215.64 
397.061 41.5387 -126.466 
-0.971233 -0.199802 -0.129563 
-0.213539 0.971542 0.102499 
0.105396 0.127218 -0.986259 
457.37 54.45 224.84 
292.625 22.162 -214.621 
-0.968967 -0.128974 -0.210876 
-0.030451 0.908875 -0.415956 
0.245307 -0.396626 -0.884597 
640.07 127.8 207.88 
292.981 43.0836 -47.9797 
-0.928423 -0.346631 -0.133708 
-0.35918 0.929434 0.0845144 
0.0949771 0.12649 -0.987411 
457.66 49.05 238.84 
286.26 36.9252 -210.502 
-0.915662 -0.0162473 0.40162 
0.12543 0.937738 0.323906 
-0.381877 0.346964 -0.856613 
372.11 -202.05 192.52 
69.1679 1.01364 -239.728 
-0.900519 0.238087 0.36384 
0.279619 0.957891 0.0652507 
-0.332984 0.160496 -0.929173 
443.16 -175.05 177.4 
58.3463 -16.0249 -184.527 
-0.919295 0.271487 -0.28494 
0.351045 0.892959 -0.281767 
0.177944 -0.359054 -0.916197 
624.12 92.25 171.56 
277.793 0.3917 -91.6503 
-0.962927 -0.258548 0.0769706 
-0.26976 0.923816 -0.271649 
-0.000872665 -0.282341 -0.959314 
595.12 -0.45 230.04 
184.063 49.6197 -49.6776 
-0.93803 -0.346531 0.00403855 
-0.335863 0.911901 0.235864 
-0.0854169 0.219891 -0.971778 
426.05 -44.1 236.52 
215.515 34.1186 -223.267 
-0.909619 -0.352682 0.219565 
-0.300828 0.923663 0.237382 
-0.286525 0.149876 -0.946277 
447.8 -149.85 234.28 
108.782 39.1345 -173.121 
-0.999793 0.00294357 -0.0201382 
0.0104702 0.922894 -0.384911 
0.0174524 -0.385042 -0.922734 
631.37 9 204.04 
177.756 33.2111 -38.1078 
-0.946825 -0.159232 -0.279584 
-0.102858 0.973151 -0.205907 
0.304864 -0.1662 -0.937782 
558.29 159.75 214.92 
353.56 31.8757 -137.016 
-0.965267 -0.0544464 0.255529 
-0.0717317 0.995688 -0.058814 
-0.251225 -0.0751007 -0.965011 
525.81 -130.95 211.8 
81.8039 22.8749 -103.869 
-0.987435 -0.145168 -0.0624375 
-0.117744 0.939392 -0.321993 
0.105396 -0.310595 -0.944681 
605.56 54.45 215.88 
231.677 38.7763 -62.3164 
-0.988621 0.149725 0.0145009 
0.144224 0.970842 -0.19148 
-0.0427475 -0.18721 -0.981389 
562.64 -22.05 191.72 
173.214 4.57863 -107.925 
-0.915123 0.366576 0.167846 
0.389389 0.911534 0.13222 
-0.104528 0.186355 -0.976906 
437.36 -54 168.12 
191.69 -33.8981 -220.506 
-0.94135 -0.337113 0.0146774 
-0.333349 0.922332 -0.195404 
0.052336 -0.188836 -0.980613 
563.22 27 236.2 
223.08 48.6582 -86.0063 
-0.939838 0.265859 0.214531 
0.172493 0.911356 -0.373733 
-0.294874 -0.314244 -0.902386 
611.36 -154.35 188.36 
17.1759 18.4971 -39.6756 
-0.99919 0.0267316 0.030095 
0.0348925 0.947968 0.316447 
-0.0200699 0.317241 -0.948133 
392.7 -10.35 201.8 
259.214 -0.610743 -267.045 
-0.987427 0.157937 -0.00658868 
0.145811 0.893929 -0.423828 
-0.0610485 -0.41946 -0.905719 
644.13 -31.5 191.56 
132.917 24.7246 -31.1576 
-0.963057 0.261516 -0.0642762 
0.26889 0.920655 -0.283007 
-0.0148348 -0.289835 -0.956962 
597.73 -7.65 180.04 
176.425 -0.00903541 -89.1681 
-0.974394 -0.217636 0.0564923 
-0.215126 0.975439 0.0473191 
-0.0654031 0.0339545 -0.997281 
488.69 -33.75 224.92 
195.724 26.1886 -159.676 
-0.98606 0.151494 -0.0688145 
0.112347 0.911246 0.396243 
0.122735 0.382988 -0.915563 
368.34 63.45 194.6 
347.956 -7.83447 -310.788 
-0.958327 -0.219152 0.183251 
-0.124465 0.897697 0.422668 
-0.257133 0.382246 -0.887565 
364.86 -134.1 216.84 
153.187 19.7657 -266.43 
-0.998681 0.00434806 -0.0511666 
0.0183038 0.961102 -0.275585 
0.0479781 -0.276158 -0.959914 
593.09 24.75 203.32 
207.937 22.5369 -80.1437 
-0.915034 0.403377 0.000106753 
0.388409 0.881007 0.270122 
0.108867 0.247212 -0.962826 
416.48 56.25 168.2 
323.112 -34.5188 -263.436 
-0.898654 -0.113838 -0.423629 
-0.138316 0.99001 0.0273763 
0.416281 0.0831966 -0.905422 
469.55 221.4 219 
449.55 30.5108 -245.738 
-0.909682 -0.0903643 -0.405355 
0.0341515 0.956459 -0.289861 
0.413899 -0.277525 -0.866988 
602.95 220.05 201.56 
401.832 35.0285 -112.034 
-0.945146 0.0996805 0.311067 
0.172614 0.960889 0.216557 
-0.277315 0.258373 -0.925387 
409.52 -144.9 188.44 
109.858 -8.50502 -218.394 
-0.846307 0.282861 -0.451392 
0.333369 0.94216 -0.0346315 
0.415487 -0.179789 -0.891654 
566.12 220.95 170.6 
440.865 -4.48902 -170.243 
-0.978487 -0.184965 0.0913856 
-0.182235 0.982542 0.0374349 
-0.0967144 0.0199759 -0.995112 
493.33 -49.95 221.88 
177.743 24.1778 -151.963 
-0.933333 -0.357687 -0.0308162 
-0.352677 0.897427 0.265036 
-0.0671446 0.258235 -0.963746 
413 -34.65 238.12 
230.097 34.2654 -241.829 
-0.941771 0.318368 0.108209 
0.265607 0.901676 -0.341224 
-0.206204 -0.292614 -0.933733 
600.92 -107.1 179.8 
69.475 4.76359 -65.638 
-0.914094 -0.0599062 0.401053 
-0.194297 0.932807 -0.303512 
-0.355923 -0.355362 -0.864313 
629.63 -187.65 224.2 
-8.57962 60.6146 17.6821 
-0.966449 -0.198982 0.162424 
-0.185234 0.977999 0.0959513 
-0.177944 0.0626454 -0.982045 
478.83 -92.25 222.36 
143.76 25.3181 -156.382 
-0.973977 -0.12557 -0.188683 
-0.067253 0.955121 -0.288481 
0.21644 -0.268285 -0.93871 
592.51 112.5 211.32 
294.31 33.1673 -92.5256 
-0.950833 -0.0963868 0.294322 
-0.0589884 0.989303 0.133417 
-0.304033 0.109496 -0.946348 
461.72 -159.3 210.68 
81.5571 16.8137 -161.016 
-0.928368 -0.361323 0.0870538 
-0.348951 0.928014 0.130473 
-0.12793 0.0907498 -0.987623 
469.55 -66.15 237.96 
177.016 38.3842 -168.746 
-0.882124 0.23822 -0.406334 
0.329813 0.928286 -0.171779 
0.336274 -0.285544 -0.897432 
602.37 176.85 172.2 
377.337 0.886571 -127.115 
-0.959901 -0.274391 0.0574452 
-0.277061 0.959791 -0.0451467 
-0.0427475 -0.0592522 -0.997327 
519.72 -22.05 230.76 
194.56 35.6036 -126.272 
-0.951325 -0.289594 0.105428 
-0.308187 0.894894 -0.322778 
-0.000872665 -0.339559 -0.940584 
615.13 -0.45 233.72 
177.672 58.4365 -24.569 
-0.950803 0.257289 -0.172558 
0.17279 0.902748 0.39394 
0.257133 0.344743 -0.902793 
378.78 134.1 188.52 
417.374 -13.5136 -317.442 
-0.924438 -0.343641 -0.165304 
-0.375375 0.896377 0.2358 
0.0671446 0.280033 -0.957639 
405.46 34.65 240.36 
295.799 37.1965 -266.243 
-0.981938 -0.127129 0.140128 
-0.166082 0.933935 -0.316515 
-0.0906326 -0.334071 -0.93818 
613.68 -46.8 220.36 
130.731 45.1884 -28.9742 
-0.931342 -0.34023 -0.129788 
-0.282963 0.900522 -0.33014 
0.2292 -0.270748 -0.934967 
593.67 119.25 232.04 
296.432 55.1805 -74.6902 
-0.991568 0.0343907 0.12494 
0.0545693 0.985302 0.161868 
-0.117537 0.167321 -0.978871 
443.74 -60.75 199.96 
185.009 -1.20056 -205.998 
-0.94738 0.00908947 -0.319983 
0.0737286 0.978918 -0.190482 
0.311506 -0.204051 -0.928077 
571.92 163.35 197.88 
359.296 18.5132 -136.378 
-0.924036 -0.282987 -0.257052 
-0.304701 0.951232 0.04812 
0.230899 0.122789 -0.965199 
457.95 120.15 234.2 
352.154 34.4161 -229.092 
-0.979273 0.0996033 0.176363 
0.0478944 0.959911 -0.276183 
-0.196802 -0.262012 -0.944785 
589.9 -102.15 200.52 
80.9125 22.3581 -57.7967 
-0.9562 -0.288425 0.049934 
-0.29234 0.932328 -0.212844 
0.0148348 -0.218119 -0.975809 
573.08 7.65 232.2 
200.545 46.8347 -73.5947 
-0.912556 -0.394026 0.109473 
-0.384541 0.91787 0.0981945 
-0.139173 0.0475112 -0.989128 
484.05 -72 241.56 
166.618 43.6326 -149.936 
-0.883947 0.364209 0.29324 
0.306094 0.924804 -0.225928 
-0.353475 -0.10995 -0.92896 
539.15 -186.3 174.44 
6.76162 -6.89159 -104.664 
-0.924191 0.352905 -0.146048 
0.381868 0.846819 -0.370235 
-0.00698126 -0.397939 -0.917385 
636.01 -3.6 169.08 
171.185 -0.814297 -66.3004 
-0.914608 0.00580427 0.4043 
-0.0945156 0.969127 -0.227727 
-0.39314 -0.246493 -0.885823 
590.19 -208.35 214.44 
-20.435 44.3809 -23.2615 
-0.983439 0.125831 0.130439 
0.136463 0.987723 0.0760329 
-0.11927 0.0925739 -0.988537 
468.97 -61.65 192.36 
171.397 -5.00118 -182.346 
-0.914707 0.330346 0.232772 
0.234857 0.903292 -0.359035 
-0.328867 -0.273744 -0.903831 
597.73 -172.8 181.96 
1.48339 10.5305 -53.6649 
-0.908801 -0.394232 0.136608 
-0.415123 0.821511 -0.390887 
0.0418757 -0.411948 -0.910245 
641.23 21.6 244.28 
192.754 76.392 10.5327 
-0.921296 -0.0209207 0.3883 
-0.0644233 0.992964 -0.0993546 
-0.38349 -0.11655 -0.916161 
542.05 -202.95 211.4 
3.45867 32.0817 -71.6089 
-0.919756 -0.372941 0.122324 
-0.387575 0.91217 -0.133159 
-0.0619196 -0.169883 -0.983517 
556.84 -31.95 241.56 
173.137 53.1176 -76.4628 
-0.980423 -0.120827 0.155469 
-0.164067 0.937869 -0.305751 
-0.108867 -0.325273 -0.939332 
610.78 -56.25 220.2 
122.742 45.3427 -29.5542 
-0.943865 -0.200487 0.262535 
-0.189459 0.979604 0.0669386 
-0.2706 0.0134413 -0.962598 
495.36 -141.3 223.16 
89.9939 31.092 -127.001 
-0.911745 0.176057 0.371114 
0.177225 0.983674 -0.0312543 
-0.370557 0.0372748 -0.928061 
486.66 -195.75 187.4 
22.1342 0.679966 -137.321 
-0.907533 -0.417908 0.0416735 
-0.418379 0.908268 -0.00288822 
-0.0366437 -0.0200565 -0.999127 
506.67 -18.9 244.6 
205.749 47.5431 -135.113 
-0.991154 0.0627726 -0.116931 
0.0320141 0.968137 0.248366 
0.128796 0.242425 -0.961583 
417.93 66.6 202.04 
328.417 -1.68738 -264.972 
-0.911696 0.0832462 0.402343 
0.0990419 0.99491 0.0185754 
-0.398749 0.0567839 -0.9153 
479.41 -211.5 195.08 
12.9367 8.28762 -137.26 
-0.97472 0.175197 0.13866 
0.192116 0.974032 0.119804 
-0.11407 0.143414 -0.983067 
451.86 -58.95 187.16 
180.976 -11.2396 -199.861 
-0.953548 0.16519 0.251911 
0.119616 0.975117 -0.186654 
-0.276476 -0.147851 -0.949579 
551.33 -144.45 193.56 
51.8185 7.56665 -89.8164 
-0.936057 -0.201728 -0.288276 
-0.214386 0.976667 0.0126815 
0.278991 0.0736728 -0.957463 
474.48 145.8 225.64 
371.937 29.6882 -219.908 
-0.999269 -0.0381998 -0.00169424 
-0.0340222 0.908462 -0.41658 
0.0174524 -0.416217 -0.909098 
642.68 9 208.12 
173.595 40.6942 -22.622 
-0.932025 -0.361949 0.0179403 
-0.352183 0.916324 0.190573 
-0.0854169 0.171301 -0.981509 
442.58 -44.1 238.12 
208.624 36.3274 -204.318 
-0.915238 0.399638 0.051275 
0.333119 0.822133 -0.461659 
-0.226651 -0.405447 -0.885574 
642.68 -117.9 173 
44.7981 8.24005 -36.7163 
-0.944162 0.326633 -0.0432419 
0.28416 0.873671 0.394907 
0.166769 0.360568 -0.917703 
375.59 86.4 178.2 
371.95 -24.3615 -306.362 
-0.913747 -0.392412 -0.105255 
-0.402058 0.910636 0.0953442 
0.0584352 0.129439 -0.989864 
456.79 30.15 243 
270.057 40.2768 -205.501 
-0.887148 -0.435486 -0.152708 
-0.390355 0.884637 -0.25503 
0.246153 -0.166639 -0.954798 
557.42 128.25 243 
318.923 57.0471 -109.477 
-0.880005 0.335372 0.336329 
0.405688 0.898985 0.165057 
-0.246999 0.281695 -0.927167 
401.98 -128.7 165.4 
121.89 -33.2152 -232.862 
-0.921315 -0.207812 -0.328622 
-0.184933 0.977673 -0.09978 
0.34202 -0.0311557 -0.939176 
511.02 180 223.16 
389.65 33.8653 -188.257 
-0.935772 -0.314346 -0.159739 
-0.346153 0.905241 0.24641 
0.0671446 0.285878 -0.955911 
403.43 34.65 237.48 
296.985 34.4102 -268.791 
-0.891694 -0.207835 -0.402104 
-0.181417 0.977978 -0.10318 
0.414693 -0.0190568 -0.909762 
506.96 220.5 223.4 
430.196 38.7163 -201.925 
-0.985608 -0.0715117 0.153174 
-0.0879632 0.990736 -0.103464 
-0.144356 -0.115449 -0.982768 
538.86 -74.7 213.16 
131.702 24.209 -102.994 
-0.985136 0.153333 -0.077438 
0.124452 0.947816 0.293524 
0.118404 0.279524 -0.95281 
405.17 61.2 193.48 
327.021 -7.35092 -272.512 
-0.917422 -0.108034 0.382969 
-0.111833 0.99365 0.0124042 
-0.381877 -0.0314485 -0.923678 
511.31 -202.05 216.12 
20.7267 31.3764 -99.966 
-0.943819 0.211251 -0.254124 
0.246726 0.962045 -0.116604 
0.219846 -0.172752 -0.960117 
559.16 114.3 181.56 
321.339 -4.56586 -149.082 
-0.989915 0.10842 0.0911824 
0.135601 0.911473 0.388366 
-0.0410037 0.396814 -0.916983 
364.28 -21.15 192.52 
260.977 -8.19575 -290.36 
-0.963388 -0.265727 -0.0356838 
-0.268077 0.956857 0.112074 
0.00436331 0.117536 -0.993059 
460.85 2.25 229.88 
242.624 27.3407 -198.342 
-0.983907 0.143637 -0.106278 
0.0964729 0.927693 0.360664 
0.150398 0.344607 -0.926621 
381.68 77.85 196.04 
356.182 -9.42204 -303.618 
-0.979029 -0.198472 0.0459455 
-0.199186 0.885247 -0.420314 
0.0427475 -0.420651 -0.906215 
644.42 22.05 223.4 
186.936 56.4973 -7.21774 
-0.959695 -0.0297595 0.279463 
0.0696336 0.938194 0.339033 
-0.27228 0.344828 -0.898308 
378.2 -142.2 198.36 
131.429 1.36397 -247.7 
-0.917686 0.303717 0.25614 
0.377306 0.868172 0.322361 
-0.124467 0.39247 -0.911304 
364.86 -64.35 169.24 
210.018 -31.0249 -277.203 
-0.917389 0.389501 0.0817738 
0.39509 0.916037 0.069139 
-0.0479781 0.0957354 -0.99425 
468.1 -24.75 167.72 
211.366 -32.0927 -200.095 
-0.988281 0.0342059 0.148765 
0.0543884 0.989516 0.133793 
-0.142629 0.140316 -0.97978 
452.73 -73.8 199.96 
167.672 -0.321616 -194.309 
-0.887783 0.394883 0.23645 
0.244536 0.8399 -0.484531 
-0.389928 -0.372338 -0.842212 
638.33 -206.55 180.36 
-47.8158 21.4143 -16.7809 
-0.923927 -0.114793 0.364939 
-0.117538 0.992959 0.0147622 
-0.364064 -0.0292552 -0.930914 
510.44 -192.15 216.6 
30.9188 30.9096 -102.682 
-0.976426 0.215471 -0.0128395 
0.207546 0.920842 -0.330112 
-0.0593064 -0.324995 -0.943854 
610.2 -30.6 185.8 
146.563 9.2841 -68.1201 
-0.940868 -0.284361 -0.184133 
-0.221545 0.927667 -0.300585 
0.256289 -0.242017 -0.935812 
584.1 133.65 226.2 
315.112 47.323 -93.2131 
-0.941553 0.0246008 -0.335966 
0.0509927 0.996246 -0.0699588 
0.332984 -0.0830017 -0.939272 
529.29 175.05 200.04 
387.991 13.6807 -181.119 
-0.964693 0.107119 0.24061 
0.135579 0.985189 0.10498 
-0.225801 0.133895 -0.964928 
454.18 -117.45 192.2 
120 -7.31228 -184.248 
-0.98867 0.0347367 -0.146033 
-0.0207097 0.931988 0.361898 
0.148672 0.360822 -0.920709 
375.88 76.95 206.92 
356.24 4.83219 -308.503 
-0.875476 -0.329799 0.353235 
-0.302305 0.944009 0.132129 
-0.377033 0.00889074 -0.926157 
496.81 -199.35 235.48 
42.2477 48.4075 -108.895 
-0.986943 -0.130465 0.0944597 
-0.154551 0.932216 -0.327243 
-0.045363 -0.337569 -0.940207 
614.55 -23.4 219.24 
152.841 43.8907 -33.9474 
-0.940761 0.141049 0.308341 
0.0756918 0.973783 -0.214515 
-0.330514 -0.178468 -0.926774 
563.22 -173.7 197.64 
16.6977 16.808 -70.183 
-0.869014 -0.127112 0.478181 
-0.25989 0.939648 -0.222527 
-0.421036 -0.317654 -0.849603 
618.9 -224.1 231.64 
-34.6911 69.281 20.6994 
-0.952786 0.214213 0.215199 
0.19818 0.97567 -0.0937666 
-0.23005 -0.0466913 -0.972058 
515.95 -119.7 186.2 
89.4084 -3.43418 -129.857 
-0.92282 0.328083 0.201905 
0.370036 0.900671 0.227741 
-0.107132 0.284876 -0.952559 
403.43 -55.35 170.04 
204.115 -31.9202 -247.416 
-0.974584 0.211938 0.0725811 
0.16834 0.90661 -0.386936 
-0.147809 -0.364883 -0.919246 
625.57 -76.5 189.32 
92.8073 18.1344 -41.7956 
-0.988028 -0.0665588 -0.139181 
-0.0379562 0.979291 -0.198868 
0.149535 -0.191204 -0.970093 
564.67 77.4 208.52 
271.453 22.0145 -116.592 
-0.997722 0.0674279 -0.00218292 
0.0653941 0.958663 -0.276926 
-0.0165799 -0.276438 -0.960889 
593.09 -8.55 199 
174.467 18.0491 -76.7598 
-0.942953 0.172559 -0.284717 
0.243864 0.940196 -0.237826 
0.226651 -0.293691 -0.928641 
601.79 117.9 181.8 
307.891 5.93701 -108.973 
-0.986079 -0.0980516 -0.134289 
-0.101901 0.994549 0.0220847 
0.131391 0.0354615 -0.990696 
488.11 67.95 214.44 
293.92 14.8051 -191.46 
-0.873399 -0.459153 -0.162337 
-0.402642 0.868317 -0.289662 
0.273959 -0.187626 -0.943262 
565.25 143.1 244.6 
328.793 62.3787 -101.422 
-0.973719 0.0147476 0.227276 
0.0450678 0.990646 0.128803 
-0.22325 0.135661 -0.965275 
453.6 -116.1 200.76 
124.484 3.49791 -181.838 
-0.882976 0.459162 0.0975918 
0.381183 0.82267 -0.421797 
-0.273959 -0.335236 -0.901423 
618.32 -143.1 167.64 
25.8403 -1.79844 -57.2617 
-0.86127 -0.165714 0.480367 
-0.285672 0.939702 -0.188022 
-0.420244 -0.299165 -0.856677 
611.65 -223.65 234.36 
-28.8577 69.7253 14.7464 
-0.883299 -0.440191 0.161289 
-0.394194 0.883598 0.252716 
-0.253758 0.159645 -0.954002 
444.9 -132.3 243.48 
130.063 47.0227 -179.704 
-0.960631 -0.236384 0.145985 
-0.270021 0.918054 -0.290286 
-0.0654031 -0.318276 -0.945739 
607.88 -33.75 230.12 
147.949 53.2889 -28.9407 
-0.92303 0.0832284 0.375619 
-0.0467587 0.944815 -0.324252 
-0.381877 -0.316857 -0.8682 
616.29 -202.05 209.64 
-25.9584 44.9882 -5.46434 
-0.919769 0.122262 -0.372931 
0.238725 0.928518 -0.284366 
0.311506 -0.350579 -0.883209 
625.57 163.35 181.72 
346.917 15.2033 -94.7515 
-0.92202 0.0887181 -0.37684 
0.0977218 0.995202 -0.00480035 
0.374607 -0.0412515 -0.926266 
514.79 198 195.32 
420.572 9.04055 -203.334 
-0.885595 0.329865 0.326973 
0.295457 0.943284 -0.151393 
-0.358368 -0.0374663 -0.932828 
513.34 -189 175.48 
14.0162 -9.18713 -124.011 
-0.968661 -0.0297242 0.246602 
-0.0439866 0.99765 -0.0525289 
-0.244461 -0.0617299 -0.967692 
521.17 -127.35 209.16 
86.2035 19.8172 -110.009 
-0.979026 -0.193249 -0.0645272 
-0.202746 0.892909 0.402004 
-0.0200699 0.406655 -0.913361 
360.8 -10.35 223.72 
275.145 21.3507 -304.011 
-0.929584 0.340627 0.140876 
0.348482 0.936673 0.0346953 
-0.120137 0.0813451 -0.989419 
472.74 -62.1 172.12 
168.462 -27.8007 -188.72 
-0.970096 0.0475025 -0.238027 
0.137202 0.916277 -0.376315 
0.200223 -0.397719 -0.895394 
638.91 103.95 192.12 
274.482 25.7909 -60.8019 
-0.982712 -0.180804 0.0398306 
-0.183022 0.916278 -0.356283 
0.0279216 -0.357414 -0.933529 
621.51 14.4 221.88 
187.23 48.3907 -31.736 
-0.972468 -0.0576429 -0.225796 
-0.0748273 0.994855 0.0682954 
0.220697 0.0833107 -0.971778 
471.58 114.75 212.04 
347.912 13.0704 -220.616 
-0.977931 -0.133728 -0.160522 
-0.114881 0.985923 -0.121482 
0.174508 -0.100361 -0.979528 
533.93 90.45 215.72 
295.519 24.0196 -146.877 
-0.894887 0.347054 -0.280591 
0.398429 0.90453 -0.151921 
0.201078 -0.247748 -0.947728 
584.97 104.4 166.6 
308.604 -14.6643 -132.964 
-0.851667 -0.197212 -0.485562 
-0.323518 0.926734 0.19105 
0.41231 0.319799 -0.853071 
380.81 219.15 238.28 
474.722 47.2799 -339.198 
-0.979448 -0.200557 0.0214275 
-0.185069 0.935849 0.299895 
-0.0801989 0.289766 -0.953732 
401.98 -41.4 222.12 
226.839 18.7563 -252.133 
-0.977202 0.0855434 -0.194316 
0.0469384 0.979637 0.195214 
0.207058 0.181643 -0.961318 
437.94 107.55 200.6 
359.956 -0.671663 -255.532 
-0.991672 0.0473193 -0.119779 
0.0597847 0.992913 -0.102712 
0.11407 -0.109018 -0.987473 
536.54 58.95 199.48 
266.631 7.0766 -147.181 
-0.863477 -0.317827 -0.391654 
-0.369195 0.927318 0.0614444 
0.34366 0.197653 -0.918058 
429.53 180.9 242.04 
416.953 46.8355 -273.413 
-0.972593 -0.227626 -0.0474271 
-0.188172 0.89038 -0.414504 
0.13658 -0.394219 -0.908811 
636.01 70.65 222.52 
236.506 54.1071 -26.3379 
-0.985456 0.00967274 -0.169655 
0.0404414 0.983043 -0.178861 
0.165048 -0.18312 -0.969137 
562.06 85.5 201.24 
282.347 14.6376 -126.338 
-0.931752 -0.360992 0.0390354 
-0.351151 0.923224 0.156048 
-0.0923706 0.131691 -0.986978 
455.92 -47.7 238.04 
199.613 37.3149 -188.264 
-0.906436 -0.421714 -0.0230602 
-0.407368 0.887402 -0.215799 
0.111469 -0.186214 -0.976166 
562.64 57.6 243.72 
252.417 56.6641 -87.7066 
-0.970189 -0.0271851 -0.24082 
0.0143941 0.985471 -0.169235 
0.241922 -0.167656 -0.955701 
557.71 126 203.64 
324.262 18.1817 -138.208 
-0.832289 0.517401 0.198976 
0.373173 0.788374 -0.48909 
-0.409923 -0.332811 -0.849235 
624.12 -217.8 166.36 
-56.6427 4.29665 -41.9363 
-0.97851 -0.0956477 0.182672 
-0.149733 0.938683 -0.310572 
-0.141765 -0.33125 -0.932832 
613.39 -73.35 218.92 
104.759 45.5337 -24.5207 
-0.95296 -0.112476 0.281454 
-0.20865 0.916984 -0.340007 
-0.219846 -0.382738 -0.897318 
633.98 -114.3 224.76 
59.9868 58.7118 9.41134 
-0.919158 -0.019301 -0.393416 
0.0497798 0.985098 -0.164632 
0.390731 -0.170907 -0.9045 
562.06 207 200.04 
406.603 22.7913 -154.085 
-0.948996 -0.235679 -0.209432 
-0.282908 0.929741 0.235679 
0.139173 0.282908 -0.948996 
403.72 72 231.56 
332.097 29.0164 -277.426 
-0.985835 0.0603803 0.156473 
0.11145 0.933016 0.342141 
-0.125333 0.354734 -0.926529 
378.49 -64.8 194.68 
209.469 -5.76456 -266.486 
-0.989378 0.0973106 0.107986 
0.129376 0.928171 0.348941 
-0.0662739 0.359205 -0.930902 
377.62 -34.2 193.08 
241.314 -8.41643 -275.391 
-0.99676 -0.0241779 0.0767096 
0.00608894 0.928326 0.371716 
-0.0801989 0.370979 -0.925172 
373.27 -41.4 204.44 
237.473 2.01933 -280.079 
-0.99342 -0.0955703 0.0631092 
-0.108797 0.959626 -0.259386 
-0.0357716 -0.264545 -0.96371 
589.03 -18.45 215 
166.758 33.115 -64.9973 
-0.950132 -0.235848 0.204022 
-0.21238 0.96844 0.130456 
-0.228351 0.0806203 -0.970235 
472.45 -118.8 225.16 
122.48 28.7876 -156.21 
-0.887197 0.329845 0.322619 
0.332592 0.941833 -0.0483057 
-0.319786 0.0644438 -0.945296 
477.38 -167.85 172.12 
50.4379 -20.6695 -160.928 
-0.988384 0.141074 0.0565271 
0.143309 0.988962 0.0376413 
-0.0505929 0.0453049 -0.997691 
484.92 -26.1 191.8 
202.578 -8.78151 -178.276 
-0.947429 -0.200349 0.249476 
-0.122209 0.947169 0.296541 
-0.295708 0.250464 -0.921859 
411.84 -154.8 216.76 
112.228 19.9011 -212.035 
-0.978731 -0.119687 0.166617 
-0.136681 0.986094 -0.0945346 
-0.152986 -0.115297 -0.981479 
538.86 -79.2 217.72 
128.776 28.1687 -98.8654 
-0.968396 0.050855 -0.244177 
0.112904 0.962327 -0.247347 
0.222399 -0.267098 -0.937655 
592.22 115.65 194.36 
303.263 16.1149 -107.921 
-0.975518 0.0303343 0.217819 
-0.043445 0.944342 -0.326083 
-0.215588 -0.327563 -0.919905 
613.68 -112.05 209.08 
63.8794 37.4297 -25.6798 
-0.84344 0.475408 0.250192 
0.383489 0.858946 -0.339335 
-0.376224 -0.190263 -0.906783 
568.73 -198.9 165.88 
-19.0222 -9.93833 -87.3953 
-0.97899 0.140569 0.147713 
0.155933 0.982882 0.0981236 
-0.131391 0.119095 -0.984151 
459.98 -67.95 190.52 
168.244 -6.84384 -189.125 
-0.974219 -0.0938379 -0.205162 
-0.0467951 0.973665 -0.223131 
0.220697 -0.207778 -0.952954 
571.34 114.75 209.4 
305.582 26.3798 -117.204 
-0.987098 -0.158351 0.0237294 
-0.158107 0.94051 -0.300738 
0.0253046 -0.30061 -0.953412 
601.5 13.05 219.56 
193.065 40.7673 -54.8465 
-0.988799 0.074663 0.129236 
0.0207124 0.92615 -0.376586 
-0.147809 -0.369691 -0.917323 
627.31 -76.5 203.08 
93.0209 32.411 -26.4182 
-0.993016 -0.117577 -0.00969094 
-0.115774 0.986985 -0.111607 
0.0226873 -0.109706 -0.993705 
536.54 11.7 215.64 
217.385 23.8309 -124.6 
-0.921474 -0.378827 -0.0858833 
-0.388299 0.904303 0.177371 
0.0104718 0.196791 -0.98039 
434.17 5.4 241.56 
257.507 37.5456 -226.851 
-0.919246 0.393602 -0.00807961 
0.364883 0.844111 -0.392858 
-0.147809 -0.364081 -0.919564 
625.28 -76.5 170.36 
95.2238 -0.923005 -60.9752 
-0.944076 -0.021909 0.328999 
-0.00494322 0.998618 0.0523163 
-0.329691 0.0477642 -0.94288 
483.18 -173.25 205.48 
55.6014 14.9172 -138.302 
-0.891067 -0.440733 -0.108414 
-0.338485 0.804429 -0.488183 
0.30237 -0.398307 -0.865982 
643.26 158.4 238.28 
317.573 76.2071 -16.8779 
-0.948882 0.171106 0.265227 
0.196504 0.977842 0.0721826 
-0.246999 0.120611 -0.96148 
458.53 -128.7 186.28 
105.101 -10.5453 -179.107 
-0.980661 0.134002 0.142647 
0.109132 0.979416 -0.169805 
-0.162465 -0.150953 -0.975099 
551.04 -84.15 194.84 
113.574 8.34234 -101.488 
-0.898776 -0.39755 0.184813 
-0.328905 0.890168 0.315314 
-0.289867 0.222611 -0.930818 
421.99 -151.65 237.16 
119.952 40.3947 -202.246 
-0.938059 -0.140666 0.316636 
-0.0688867 0.971352 0.227442 
-0.339559 0.191542 -0.920875 
431.85 -178.65 211.72 
76.8727 18.0923 -185.777 
-0.979559 -0.00917049 -0.200946 
0.0324953 0.978625 -0.203068 
0.198513 -0.205447 -0.958324 
570.18 103.05 201.96 
296.789 17.4109 -121.823 
-0.908342 -0.412139 0.0711101 
-0.398734 0.904698 0.150109 
-0.126199 0.107996 -0.986109 
463.75 -65.25 242.92 
181.54 43.0833 -174.445 
-0.973682 -0.104696 0.202442 
-0.133378 0.982013 -0.133643 
-0.184809 -0.157127 -0.970132 
553.36 -95.85 217.48 
106.436 31.3097 -80.5755 
-0.877242 -0.393805 -0.274527 
-0.301202 0.896827 -0.324002 
0.373797 -0.20154 -0.905349 
572.79 197.55 235.32 
377.326 59.1579 -111.166 
-0.903614 -0.418989 -0.0890528 
-0.415616 0.807287 0.418989 
-0.103661 0.415616 -0.903614 
356.74 -53.55 244.52 
237.986 43.4044 -302.795 
-0.936089 -0.341185 -0.0856179 
-0.291559 0.888717 -0.353801 
0.196802 -0.306227 -0.931394 
605.56 102.15 232.68 
277.045 57.192 -56.4989 
-0.932133 0.15954 0.325078 
0.0709055 0.960751 -0.268198 
-0.355107 -0.226946 -0.90686 
581.49 -187.2 198.04 
-3.00387 24.504 -49.722 
-0.85769 -0.415771 -0.302493 
-0.302882 0.883961 -0.356195 
0.415487 -0.213885 -0.884095 
578.88 220.95 236.12 
396.624 63.4109 -107.992 
-0.986269 0.162092 -0.0316117 
0.135102 0.90201 0.410032 
0.0949771 0.400131 -0.911523 
362.54 49.05 192.52 
335.566 -9.90386 -312.06 
-0.989492 0.0767437 0.122543 
0.0639876 0.992428 -0.104841 
-0.129661 -0.0958979 -0.98691 
532.19 -67.05 199.08 
139.44 8.68894 -120.021 
-0.951279 -0.156905 -0.265423 
-0.238062 0.920829 0.308868 
0.195946 0.357007 -0.913319 
376.17 101.7 227.48 
373.32 26.2926 -315.862 
-0.983022 -0.164983 -0.0803003 
-0.18308 0.911064 0.369383 
0.012217 0.377813 -0.925801 
371.24 6.3 221.88 
286.201 19.2609 -296.453 
-0.894 0.446768 0.034091 
0.400842 0.831457 -0.384714 
-0.200223 -0.330269 -0.922406 
614.26 -103.95 166.36 
69.687 -6.84166 -68.9188 
-0.914079 0.160799 0.372294 
0.111425 0.982282 -0.150684 
-0.389928 -0.0962546 -0.915801 
534.8 -206.55 193.88 
-6.10767 14.0132 -89.5466 
-0.852366 -0.274293 0.445237 
-0.370619 0.917511 -0.144275 
-0.368936 -0.287989 -0.883713 
604.69 -194.85 242.6 
7.06298 73.7591 8.50994 
-0.976722 -0.157944 -0.145146 
-0.148587 0.986182 -0.0732558 
0.15471 -0.0499838 -0.986695 
516.82 80.1 218.84 
292.337 23.5843 -161.469 
-0.9184 -0.262229 0.296272 
-0.204445 0.955629 0.212073 
-0.338738 0.134197 -0.931261 
452.44 -178.2 225.08 
75.2652 32.5167 -162.741 
-0.99993 -0.00957162 -0.00701872 
-0.0113443 0.944615 0.327984 
0.00349065 0.32804 -0.944657 
388.93 1.8 206.04 
273.039 0.782624 -276.266 
-0.993067 0.0820516 -0.0841697 
0.105252 0.939517 -0.325928 
0.052336 -0.332528 -0.94164 
612.81 27 195.32 
203.927 19.3298 -68.5918 
-0.93198 0.188193 -0.309833 
0.204909 0.978534 -0.0220063 
0.299041 -0.0839971 -0.950536 
529.29 156.6 185.16 
377.169 -2.88561 -184.563 
-0.99028 0.121925 0.0669283 
0.138294 0.914464 0.380304 
-0.0148348 0.385864 -0.922437 
368.34 -7.65 192.28 
272.976 -9.91674 -291.53 
-0.993724 -0.0295579 -0.107887 
-0.0546879 0.969713 0.238046 
0.0975829 0.242452 -0.965243 
418.22 50.4 210.04 
308.966 6.59597 -259.096 
-0.911934 -0.279195 -0.300709 
-0.271859 0.96001 -0.0668816 
0.307357 0.0207589 -0.951368 
492.75 161.1 231.56 
376.168 38.6932 -199.891 
-0.971163 0.232524 -0.0526752 
0.237642 0.926298 -0.292401 
-0.0191974 -0.296487 -0.954844 
600.05 -9.9 183 
172.636 3.57039 -84.1844 
-0.964486 0.215367 0.152919 
0.150172 0.923378 -0.353301 
-0.217292 -0.317789 -0.922927 
610.2 -112.95 190.84 
60.6728 17.9574 -46.3963 
-0.860535 -0.316016 0.399516 
-0.339842 0.940408 0.0118609 
-0.379456 -0.125565 -0.91665 
545.24 -200.7 239.48 
23.1722 59.458 -55.0369 
-0.940434 -0.330858 0.0782052 
-0.290214 0.901075 0.322241 
-0.177085 0.28035 -0.943422 
404.01 -91.8 232.44 
181.115 31.1024 -236.858 
-0.927413 -0.271446 -0.257338 
-0.15686 0.906824 -0.391235 
0.339559 -0.32247 -0.88358 
616.29 178.65 220.36 
347.91 52.3189 -71.4431 
-0.944728 0.216153 0.246509 
0.275363 0.931217 0.238766 
-0.177944 0.293449 -0.939268 
399.37 -92.25 179 
167.284 -21.5521 -241.535 
-0.950725 0.292622 -0.102439 
0.309827 0.908819 -0.279384 
0.0113444 -0.297356 -0.954699 
600.34 5.85 176.12 
191.263 -3.49289 -92.9385 
-0.981803 0.1201 0.147101 
0.130129 0.989648 0.060526 
-0.138309 0.0785666 -0.987268 
473.61 -71.55 192.92 
159.244 -3.8493 -175.634 
-0.92376 -0.259528 0.281624 
-0.271002 0.962577 -0.0018659 
-0.2706 -0.0780442 -0.959523 
526.97 -141.3 231.16 
80.3953 43.1399 -90.6171 
-0.926907 -0.360068 -0.105809 
-0.310139 0.893672 -0.324291 
0.211325 -0.267772 -0.940021 
592.22 109.8 234.6 
288.951 56.2483 -71.5603 
-0.939988 0.328775 -0.091265 
0.323664 0.943833 0.0664907 
0.107999 0.0329613 -0.993604 
488.98 55.8 174.6 
290.342 -23.6049 -201.481 
-0.925903 0.359663 -0.115524 
0.376912 0.90005 -0.21874 
0.0253046 -0.246074 -0.968921 
582.65 13.05 169.56 
208.025 -14.7764 -115.126 
-0.96198 -0.0370473 0.270594 
0.0302314 0.970226 0.240309 
-0.27144 0.239353 -0.932218 
416.48 -141.75 202.12 
116.663 5.5898 -209.989 
-0.958668 -0.224189 -0.175199 
-0.221326 0.974536 -0.0359699 
0.178802 0.00429299 -0.983876 
498.55 92.7 225.8 
310.949 28.4132 -180.755 
-0.929459 0.135962 0.342958 
0.160545 0.986039 0.0441946 
-0.332161 0.0961375 -0.93831 
466.07 -174.6 189.32 
54.1076 -2.65283 -160.223 
-0.945425 0.322219 0.0484336 
0.280945 0.881403 -0.379736 
-0.165048 -0.345404 -0.923826 
618.9 -85.5 178.52 
86.2821 5.80628 -56.6869 
-0.930702 -0.0402468 0.363558 
-0.00812211 0.995957 0.0894624 
-0.365689 0.0803099 -0.927266 
471.29 -193.05 205.8 
41.1865 15.8982 -144.037 
-0.975333 -0.196595 -0.100376 
-0.168469 0.956795 -0.236983 
0.142629 -0.214227 -0.966315 
572.5 73.8 220.68 
263.595 35.125 -98.1987 
-0.926894 -0.336302 -0.166642 
-0.241438 0.874194 -0.421298 
0.287361 -0.350265 -0.891481 
624.41 150.3 228.36 
316.376 60.499 -48.3501 
-0.957552 -0.179679 0.225411 
-0.228121 0.950384 -0.211495 
-0.176226 -0.253939 -0.951031 
586.71 -91.35 226.44 
100.707 46.2666 -41.9524 
-0.954781 0.24786 -0.164189 
0.268377 0.956153 -0.117241 
0.12793 -0.156004 -0.979437 
552.49 66.15 179.88 
273.436 -9.87474 -145.861 
-0.896178 -0.408511 0.17316 
-0.319996 0.865423 0.385546 
-0.307357 0.290107 -0.906295 
397.05 -161.1 236.44 
121.665 40.4574 -228.377 
-0.95711 0.183072 0.224557 
0.154161 0.978036 -0.140287 
-0.245307 -0.0996517 -0.96431 
534.22 -127.8 190.36 
74.8409 2.24357 -109.892 
-0.865656 -0.27324 0.4195 
-0.38451 0.89948 -0.207578 
-0.320613 -0.340993 -0.883703 
622.38 -168.3 243.32 
25.3234 76.2541 22.8196 
-0.923572 0.300064 -0.238698 
0.366601 0.873451 -0.320448 
0.112336 -0.383463 -0.916699 
631.66 58.05 170.36 
237.992 0.747099 -80.344 
-0.937892 -0.29171 -0.187788 
-0.34322 0.85912 0.379622 
0.0505929 0.420497 -0.905882 
355.58 26.1 237.16 
310.386 34.9727 -321.319 
-0.991349 -0.011587 0.130737 
-0.04415 0.967488 -0.249032 
-0.123601 -0.25265 -0.959631 
585.55 -63.9 209.08 
122.365 28.601 -62.7548 
-0.832612 -0.515723 -0.201958 
-0.375064 0.793319 -0.479554 
0.407534 -0.323535 -0.853956 
620.35 216.45 243.8 
377.71 80.3487 -48.3395 
-0.90302 -0.41655 -0.105072 
-0.405834 0.907379 -0.109376 
0.140901 -0.0561272 -0.988431 
518.85 72.9 243.72 
282.986 48.8528 -142.617 
-0.955889 0.0815876 0.282171 
0.0175195 0.974775 -0.2225 
-0.293206 -0.207741 -0.933206 
572.79 -153.45 203.32 
36.5631 25.0519 -60.0885 
-0.983923 0.178571 -0.00291617 
0.162887 0.890571 -0.424678 
-0.0732382 -0.418326 -0.90534 
643.84 -37.8 189.96 
126.703 23.0739 -31.9493 
-0.918152 0.0944356 0.384809 
-0.0232409 0.956675 -0.290229 
-0.395546 -0.275418 -0.876179 
601.21 -209.7 207.32 
-28.9668 39.9455 -19.686 
-0.896145 0.419403 0.145002 
0.411233 0.907668 -0.0838223 
-0.166769 -0.0154874 -0.985874 
505.22 -86.4 165.56 
127.663 -27.2739 -158.174 
-0.899838 -0.0768614 0.4294 
-0.223521 0.926553 -0.302554 
-0.374607 -0.368229 -0.850927 
635.72 -198 227.32 
-18.7174 66.0909 28.1693 
-0.967444 -0.0514361 0.247802 
0.00928708 0.971255 0.23786 
-0.252914 0.232418 -0.939157 
419.38 -131.85 204.12 
125.136 6.51652 -210.37 
-0.946043 0.101658 0.307681 
0.024773 0.969427 -0.244128 
-0.323092 -0.223334 -0.919638 
579.17 -169.65 202.6 
17.5149 26.9587 -51.4811 
-0.873698 0.172967 0.45468 
0.289794 0.935771 0.200879 
-0.390731 0.307271 -0.867706 
386.9 -207 175.64 
47.1245 -15.4843 -225.98 
-0.909349 -0.0930169 -0.405502 
0.0420885 0.949117 -0.3121 
0.413899 -0.300875 -0.859164 
611.94 220.05 200.76 
400.072 37.3434 -105.158 
-0.975131 -0.216937 0.0453595 
-0.221544 0.948486 -0.226478 
0.00610861 -0.230895 -0.97296 
577.43 3.15 225.48 
193.484 40.9929 -73.3029 
-0.943557 -0.330909 0.0141204 
-0.30658 0.888731 0.340831 
-0.125333 0.317265 -0.940018 
391.83 -64.8 233.8 
211.665 30.9961 -258.031 
-0.913278 -0.377242 0.15366 
-0.348747 0.919064 0.183565 
-0.210472 0.114057 -0.970924 
461.14 -109.35 238.44 
141.553 40.7144 -167.839 
-0.960673 0.165019 0.223331 
0.143573 0.983598 -0.109188 
-0.237686 -0.07283 -0.968608 
524.94 -123.75 191.4 
82.7988 2.36287 -118.704 
-0.941633 -0.336616 0.0040459 
-0.33345 0.934294 0.126122 
-0.0462347 0.117412 -0.992006 
460.85 -23.85 236.2 
219.52 35.8493 -187.856 
-0.991109 0.0930153 -0.0951387 
0.117305 0.948302 -0.294895 
0.0627905 -0.303433 -0.950782 
602.66 32.4 194.2 
212.923 15.8538 -81.3338 
-0.984023 0.0575736 -0.168478 
0.081766 0.986716 -0.140379 
0.158158 -0.151912 -0.975658 
551.33 81.9 197.4 
284.736 7.62439 -139.185 
-0.91488 0.16162 0.369963 
0.248568 0.947589 0.200724 
-0.318132 0.275599 -0.907104 
401.98 -166.95 180.68 
86.4016 -14.5166 -221.146 
-0.915498 -0.263058 -0.304408 
-0.142545 0.919629 -0.366011 
0.376224 -0.291691 -0.879416 
606.43 198.9 219.16 
371.45 50.3169 -87.7285 
-0.927053 -0.0910578 0.363706 
-0.0291338 0.984622 0.172252 
-0.373797 0.14909 -0.915449 
446.35 -197.55 207.88 
49.3522 17.102 -167.139 
-0.907072 -0.35252 0.230109 
-0.323886 0.933567 0.153461 
-0.26892 0.0646712 -0.960989 
477.67 -140.4 236.44 
105.829 42.4292 -141.842 
-0.980425 -0.196314 0.0150818 
-0.196798 0.97945 -0.0441296 
-0.00610861 -0.0462339 -0.998912 
515.37 -3.15 223.16 
212.935 27.3184 -138.362 
-0.87224 0.213565 0.439986 
0.319194 0.930191 0.181275 
-0.370557 0.298556 -0.879518 
391.25 -195.75 172.84 
55.8138 -19.482 -225.163 
-0.975701 0.219088 0.0027805 
0.208282 0.923486 0.322167 
0.0680153 0.314918 -0.946679 
393.28 35.1 185.72 
308.096 -18.4236 -279.797 
-0.963467 0.208175 0.168506 
0.151736 0.942722 -0.29707 
-0.220697 -0.260649 -0.93987 
589.9 -114.75 190.68 
66.2047 13.2918 -63.8735 
-0.940587 -0.288443 -0.179157 
-0.306523 0.948278 0.082537 
0.146083 0.132549 -0.980352 
455.34 75.6 233.88 
312.107 33.1389 -220.024 
-0.898403 -0.260611 -0.353489 
-0.21403 0.96266 -0.165762 
0.38349 -0.073264 -0.920635 
526.39 202.95 226.44 
404.295 41.8155 -173.966 
-0.947504 -0.159791 -0.276954 
-0.0937384 0.966932 -0.237184 
0.305695 -0.198771 -0.93115 
569.89 160.2 214.04 
349.3 33.8767 -124.934 
-0.936677 0.0155423 0.349848 
0.0237098 0.999537 0.019075 
-0.34939 0.0261619 -0.936612 
490.72 -184.05 202.68 
39.8357 14.042 -129.741 
-0.997695 -0.0536707 -0.0415192 
-0.0313538 0.90727 -0.419378 
0.0601775 -0.41711 -0.906862 
643.26 31.05 207.88 
195.392 40.6928 -26.5388 
-0.985416 -0.0686416 0.155702 
-0.0292465 0.969733 0.242412 
-0.167629 0.234323 -0.957598 
420.25 -86.85 207.72 
171.193 7.52316 -220.529 
-0.917392 0.307663 0.252458 
0.207585 0.911125 -0.356033 
-0.339559 -0.274215 -0.899725 
598.31 -178.65 184.6 
-4.42175 13.6768 -49.6051 
-0.993537 0.0886092 0.0709411 
0.0694749 0.968955 -0.237274 
-0.0897635 -0.230812 -0.968849 
577.72 -46.35 198.6 
141.991 14.6124 -83.5232 
-0.937207 0.0345204 0.347061 
0.0491169 0.998236 0.0333464 
-0.345298 0.048299 -0.937249 
482.89 -181.8 200.2 
44.3699 10.5064 -138.706 
-0.982254 0.121369 -0.142993 
0.0937152 0.978003 0.186353 
0.162465 0.169645 -0.972021 
442.58 84.15 196.28 
335.318 -5.77235 -245.816 
-0.982457 -0.117373 -0.144919 
-0.164407 0.911926 0.375982 
0.0880251 0.393212 -0.915225 
365.15 45.45 220.2 
326.721 18.8354 -312.012 
-0.920212 -0.208897 -0.331017 
-0.0894169 0.935508 -0.341803 
0.38107 -0.284933 -0.879545 
604.11 201.6 213.88 
376.972 44.7517 -95.8607 
-0.984498 -0.125328 0.122707 
-0.148013 0.968995 -0.197838 
-0.0941083 -0.212934 -0.972524 
571.63 -48.6 218.68 
145.372 33.3189 -70.9554 
-0.962448 -0.0385752 -0.268712 
0.0563371 0.93992 -0.336715 
0.265556 -0.339209 -0.902451 
619.48 138.6 199.64 
314.061 29.7239 -80.0024 
-0.952339 -0.137216 -0.272439 
-0.228636 0.91231 0.339729 
0.201933 0.385826 -0.900201 
365.44 104.85 226.6 
381.418 25.8337 -328.375 
-0.911264 -0.231955 0.340287 
-0.301372 0.938739 -0.167163 
-0.280667 -0.254882 -0.925344 
589.32 -146.7 234.28 
51.5564 58.1656 -22.2579 
-0.916108 0.322564 -0.238113 
0.390753 0.851301 -0.35014 
0.0897635 -0.41381 -0.905927 
642.39 46.35 168.04 
223.595 0.561766 -70.2631 
-0.927181 -0.371805 0.045792 
-0.374605 0.921059 -0.106397 
-0.00261799 -0.115804 -0.993269 
538.57 -1.35 240.2 
