-0.99332 -0.0916397 -0.070121 
-0.103876 0.974765 0.197591 
0.0502443 0.203555 -0.977773 
396.6 28.8 469.9 
0.140361 -0.045399 -0.326193 
-0.991955 -0.037038 0.121053 
-0.060323 0.978992 -0.194773 
-0.111295 -0.200508 -0.97335 
552.6 -63.9 461.6 
0.140339 -0.0450716 -0.326119 
-0.955393 -0.280595 0.0921423 
-0.245837 0.928469 0.278405 
-0.16367 0.243335 -0.956034 
379.8 -94.2 498.1 
0.140384 -0.0450063 -0.326155 
-0.935986 0.250977 0.246861 
0.242411 0.967993 -0.0650162 
-0.255277 -0.0010125 -0.966867 
475.4 -147.9 401.6 
0.140273 -0.0451863 -0.326053 
